-36.65039 0 0 0 0 0 0 0 0 0 0 0 0 0 0 0
-36.6394 0 0 0 0 0 0 0 0 0 0 0 0 0 0 0
-36.6394 0 0 0 0 0 0 0 0 0 0 0 0 0 0 0
-36.62842 0 0 0 0 0 0 0 0 0 0 0 0 0 0 0
-36.62292 0 0 0 0 0 0 0 0 0 0 0 0 0 0 0
-36.62292 0 0 0 0 0 0 0 0 0 0 0 0 0 0 0
-36.62292 0 0 0 0 0 0 0 0 0 0 0 0 0 0 0
-36.61194 0 0 0 0 0 0 0 0 0 0 0 0 0 0 0
-36.60095 0 0 0 0 0 0 0 0 0 0 0 0 0 0 0
-36.60095 0 0 0 0 0 0 0 0 0 0 0 0 0 0 0
-36.58997 0 0 0 0 0 0 0 0 0 0 0 0 0 0 0
-36.58997 0 0 0 0 0 0 0 0 0 0 0 0 0 0 0
-36.58447 0 0 0 0 0 0 0 0 0 0 0 0 0 0 0
-36.58997 0 0 0 0 0 0 0 0 0 0 0 0 0 0 0
-36.58997 0 0 0 0 0 0 0 0 0 0 0 0 0 0 0
-36.58997 0 0 0 0 0 0 0 0 0 0 0 0 0 0 0
-36.58997 0 0 0 0 0 0 0 0 0 0 0 0 0 0 0
-36.58997 0 0 0 0 0 0 0 0 0 0 0 0 0 0 0
-36.58447 0 0 0 0 0 0 0 0 0 0 0 0 0 0 0
-36.58447 0 0 0 0 0 0 0 0 0 0 0 0 0 0 0
-36.57349 0 0 0 0 0 0 0 0 0 0 0 0 0 0 0
-36.57349 0 0 0 0 0 0 0 0 0 0 0 0 0 0 0
-36.57349 0 0 0 0 0 0 0 0 0 0 0 0 0 0 0
-36.57349 0 0 0 0 0 0 0 0 0 0 0 0 0 0 0
-36.57349 0 0 0 0 0 0 0 0 0 0 0 0 0 0 0
-36.57898 0 0 0 0 0 0 0 0 0 0 0 0 0 0 0
-36.57898 0 0 0 0 0 0 0 0 0 0 0 0 0 0 0
-36.57898 0 0 0 0 0 0 0 0 0 0 0 0 0 0 0
-36.57898 0 0 0 0 0 0 0 0 0 0 0 0 0 0 0
-36.57898 0 0 0 0 0 0 0 0 0 0 0 0 0 0 0
-36.57349 0 0 0 0 0 0 0 0 0 0 0 0 0 0 0