-36.65039 0 0 0 0 0 0 0 0 0 0 0 0 0 0 0
-36.6394 0 0 0 0 0 0 0 0 0 0 0 0 0 0 0
-36.6394 0 0 0 0 0 0 0 0 0 0 0 0 0 0 0
-36.62842 0 0 0 0 0 0 0 0 0 0 0 0 0 0 0
-36.62292 0 0 0 0 0 0 0 0 0 0 0 0 0 0 0
-36.62292 0 0 0 0 0 0 0 0 0 0 0 0 0 0 0
-36.62292 0 0 0 0 0 0 0 0 0 0 0 0 0 0 0
-36.61194 0 0 0 0 0 0 0 0 0 0 0 0 0 0 0
-36.60095 0 0 0 0 0 0 0 0 0 0 0 0 0 0 0
-36.60095 0 0 0 0 0 0 0 0 0 0 0 0 0 0 0
-36.58997 0 0 0 0 0 0 0 0 0 0 0 0 0 0 0
-36.58997 0 0 0 0 0 0 0 0 0 0 0 0 0 0 0
-36.58447 0 0 0 0 0 0 0 0 0 0 0 0 0 0 0
-36.58997 0 0 0 0 0 0 0 0 0 0 0 0 0 0 0
-36.58997 0 0 0 0 0 0 0 0 0 0 0 0 0 0 0
-36.58997 0 0 0 0 0 0 0 0 0 0 0 0 0 0 0
-36.58997 0 0 0 0 0 0 0 0 0 0 0 0 0 0 0
-36.58997 0 0 0 0 0 0 0 0 0 0 0 0 0 0 0
-36.58447 0 0 0 0 0 0 0 0 0 0 0 0 0 0 0
-36.58447 0 0 0 0 0 0 0 0 0 0 0 0 0 0 0
-36.57349 0 0 0 0 0 0 0 0 0 0 0 0 0 0 0
-36.57349 0 0 0 0 0 0 0 0 0 0 0 0 0 0 0
-36.57349 0 0 0 0 0 0 0 0 0 0 0 0 0 0 0
-36.57349 0 0 0 0 0 0 0 0 0 0 0 0 0 0 0
-36.57349 0 0 0 0 0 0 0 0 0 0 0 0 0 0 0
-36.57898 0 0 0 0 0 0 0 0 0 0 0 0 0 0 0
-36.57898 0 0 0 0 0 0 0 0 0 0 0 0 0 0 0
-36.57898 0 0 0 0 0 0 0 0 0 0 0 0 0 0 0
-36.57898 0 0 0 0 0 0 0 0 0 0 0 0 0 0 0
-36.57898 0 0 0 0 0 0 0 0 0 0 0 0 0 0 0
-36.57349 0 0 0 0 0 0 0 0 0 0 0 0 0 0 0
-36.57349 0 0 0 0 0 0 0 0 0 0 0 0 0 0 0
-36.5625 0 0 0 0 0 0 0 0 0 0 0 0 0 0 0
-36.54053 0 0 0 0 0 0 0 0 0 0 0 0 0 0 0
-36.53503 0 0 0 0 0 0 0 0 0 0 0 0 0 0 0
-36.53503 0 0 0 0 0 0 0 0 0 0 0 0 0 0 0
-36.52954 0 0 0 0 0 0 0 0 0 0 0 0 0 0 0
-36.52954 0 0 0 0 0 0 0 0 0 0 0 0 0 0 0
-36.52954 0 0 0 0 0 0 0 0 0 0 0 0 0 0 0
-36.52954 0 0 0 0 0 0 0 0 0 0 0 0 0 0 0
-36.52405 0 0 0 0 0 0 0 0 0 0 0 0 0 0 0
-36.52405 0 0 0 0 0 0 0 0 0 0 0 0 0 0 0
-36.51855 0 0 0 0 0 0 0 0 0 0 0 0 0 0 0
-36.51855 0 0 0 0 0 0 0 0 0 0 0 0 0 0 0
-36.52405 0 0 0 0 0 0 0 0 0 0 0 0 0 0 0
-36.52405 0 0 0 0 0 0 0 0 0 0 0 0 0 0 0
-36.52405 0 0 0 0 0 0 0 0 0 0 0 0 0 0 0
-36.51306 0 0 0 0 0 0 0 0 0 0 0 0 0 0 0
-36.51306 0 0 0 0 0 0 0 0 0 0 0 0 0 0 0
-36.50208 0 0 0 0 0 0 0 0 0 0 0 0 0 0 0
-36.49109 0 0 0 0 0 0 0 0 0 0 0 0 0 0 0
-36.4856 0 0 0 0 0 0 0 0 0 0 0 0 0 0 0
-36.4856 0 0 0 0 0 0 0 0 0 0 0 0 0 0 0
-36.49658 0 0 0 0 0 0 0 0 0 0 0 0 0 0 0
-36.50757 0 0 0 0 0 0 0 0 0 0 0 0 0 0 0
-36.50757 0 0 0 0 0 0 0 0 0 0 0 0 0 0 0
-36.51855 0 0 0 0 0 0 0 0 0 0 0 0 0 0 0
-36.51855 0 0 0 0 0 0 0 0 0 0 0 0 0 0 0
-36.51855 0 0 0 0 0 0 0 0 0 0 0 0 0 0 0
-36.52405 0 0 0 0 0 0 0 0 0 0 0 0 0 0 0
-36.52405 0 0 0 0 0 0 0 0 0 0 0 0 0 0 0
-36.54053 0 0 0 0 0 0 0 0 0 0 0 0 0 0 0
-36.54053 0 0 0 0 0 0 0 0 0 0 0 0 0 0 0
-36.5625 0 0 0 0 0 0 0 0 0 0 0 0 0 0 0
-36.5625 0 0 0 0 0 0 0 0 0 0 0 0 0 0 0
-36.59546 0 0 0 0 0 0 0 0 0 0 0 0 0 0 0
-36.59546 0 0 0 0 0 0 0 0 0 0 0 0 0 0 0
-36.60095 0 0 0 0 0 0 0 0 0 0 0 0 0 0 0
-36.60095 0 0 0 0 0 0 0 0 0 0 0 0 0 0 0
-36.60095 0 0 0 0 0 0 0 0 0 0 0 0 0 0 0
-36.58997 0 0 0 0 0 0 0 0 0 0 0 0 0 0 0
-36.58447 0 0 0 0 0 0 0 0 0 0 0 0 0 0 0
-36.57898 0 0 0 0 0 0 0 0 0 0 0 0 0 0 0
-36.57898 0 0 0 0 0 0 0 0 0 0 0 0 0 0 0
-36.57898 0 0 0 0 0 0 0 0 0 0 0 0 0 0 0
-36.57898 0 0 0 0 0 0 0 0 0 0 0 0 0 0 0
-36.58997 0 0 0 0 0 0 0 0 0 0 0 0 0 0 0
-36.58997 0 0 0 0 0 0 0 0 0 0 0 0 0 0 0
-36.58997 0 0 0 0 0 0 0 0 0 0 0 0 0 0 0
-36.61194 0 0 0 0 0 0 0 0 0 0 0 0 0 0 0
-36.62292 0 0 0 0 0 0 0 0 0 0 0 0 0 0 0
-36.62292 0 0 0 0 0 0 0 0 0 0 0 0 0 0 0
-36.6394 0 0 0 0 0 0 0 0 0 0 0 0 0 0 0
-36.6394 0 0 0 0 0 0 0 0 0 0 0 0 0 0 0
-36.6449 0 0 0 0 0 0 0 0 0 0 0 0 0 0 0
-36.62842 0 0 0 0 0 0 0 0 0 0 0 0 0 0 0
-36.62842 0 0 0 0 0 0 0 0 0 0 0 0 0 0 0
-36.61194 0 0 0 0 0 0 0 0 0 0 0 0 0 0 0
-36.59546 0 0 0 0 0 0 0 0 0 0 0 0 0 0 0
-36.58997 0 0 0 0 0 0 0 0 0 0 0 0 0 0 0
-36.58997 0 0 0 0 0 0 0 0 0 0 0 0 0 0 0
-36.58447 0 0 0 0 0 0 0 0 0 0 0 0 0 0 0
-36.58447 0 0 0 0 0 0 0 0 0 0 0 0 0 0 0
-36.58447 0 0 0 0 0 0 0 0 0 0 0 0 0 0 0
-36.59546 0 0 0 0 0 0 0 0 0 0 0 0 0 0 0
-36.59546 0 0 0 0 0 0 0 0 0 0 0 0 0 0 0
-36.60095 0 0 0 0 0 0 0 0 0 0 0 0 0 0 0
-36.61743 0 0 0 0 0 0 0 0 0 0 0 0 0 0 0
-36.61743 0 0 0 0 0 0 0 0 0 0 0 0 0 0 0
-36.62292 0 0 0 0 0 0 0 0 0 0 0 0 0 0 0
-36.62292 0 0 0 0 0 0 0 0 0 0 0 0 0 0 0
-36.62842 0 0 0 0 0 0 0 0 0 0 0 0 0 0 0
-36.62842 0 0 0 0 0 0 0 0 0 0 0 0 0 0 0
-36.60095 0 0 0 0 0 0 0 0 0 0 0 0 0 0 0
-36.60095 0 0 0 0 0 0 0 0 0 0 0 0 0 0 0
-36.57898 0 0 0 0 0 0 0 0 0 0 0 0 0 0 0
-36.57349 0 0 0 0 0 0 0 0 0 0 0 0 0 0 0
-36.57349 0 0 0 0 0 0 0 0 0 0 0 0 0 0 0
-36.57898 0 0 0 0 0 0 0 0 0 0 0 0 0 0 0
-36.58447 0 0 0 0 0 0 0 0 0 0 0 0 0 0 0
-36.58447 0 0 0 0 0 0 0 0 0 0 0 0 0 0 0
-36.58997 0 0 0 0 0 0 0 0 0 0 0 0 0 0 0
-36.58997 0 0 0 0 0 0 0 0 0 0 0 0 0 0 0
-36.58447 0 0 0 0 0 0 0 0 0 0 0 0 0 0 0
-36.57349 0 0 0 0 0 0 0 0 0 0 0 0 0 0 0
-36.57349 0 0 0 0 0 0 0 0 0 0 0 0 0 0 0
-36.5625 0 0 0 0 0 0 0 0 0 0 0 0 0 0 0
-36.5625 0 0 0 0 0 0 0 0 0 0 0 0 0 0 0
-36.55151 0 0 0 0 0 0 0 0 0 0 0 0 0 0 0
-36.55151 0 0 0 0 0 0 0 0 0 0 0 0 0 0 0
-36.55701 0 0 0 0 0 0 0 0 0 0 0 0 0 0 0
-36.55701 0 0 0 0 0 0 0 0 0 0 0 0 0 0 0
-36.57898 0 0 0 0 0 0 0 0 0 0 0 0 0 0 0
-36.60095 0 0 0 0 0 0 0 0 0 0 0 0 0 0 0
-36.60095 0 0 0 0 0 0 0 0 0 0 0 0 0 0 0
-36.60095 0 0 0 0 0 0 0 0 0 0 0 0 0 0 0
-36.59546 0 0 0 0 0 0 0 0 0 0 0 0 0 0 0
-36.58997 0 0 0 0 0 0 0 0 0 0 0 0 0 0 0
-36.58997 0 0 0 0 0 0 0 0 0 0 0 0 0 0 0
-36.58447 0 0 0 0 0 0 0 0 0 0 0 0 0 0 0
-36.58447 0 0 0 0 0 0 0 0 0 0 0 0 0 0 0
-36.58997 0 0 0 0 0 0 0 0 0 0 0 0 0 0 0
-36.58997 0 0 0 0 0 0 0 0 0 0 0 0 0 0 0
-36.58997 0 0 0 0 0 0 0 0 0 0 0 0 0 0 0
-36.58997 0 0 0 0 0 0 0 0 0 0 0 0 0 0 0
-36.58447 0 0 0 0 0 0 0 0 0 0 0 0 0 0 0
-36.58447 0 0 0 0 0 0 0 0 0 0 0 0 0 0 0
-36.58447 0 0 0 0 0 0 0 0 0 0 0 0 0 0 0
-36.58447 0 0 0 0 0 0 0 0 0 0 0 0 0 0 0
-36.58997 0 0 0 0 0 0 0 0 0 0 0 0 0 0 0
-36.58997 0 0 0 0 0 0 0 0 0 0 0 0 0 0 0
-36.60095 0 0 0 0 0 0 0 0 0 0 0 0 0 0 0
-36.60095 0 0 0 0 0 0 0 0 0 0 0 0 0 0 0
-36.61194 0 0 0 0 0 0 0 0 0 0 0 0 0 0 0
-36.62292 0 0 0 0 0 0 0 0 0 0 0 0 0 0 0
-36.62292 0 0 0 0 0 0 0 0 0 0 0 0 0 0 0
-36.62292 0 0 0 0 0 0 0 0 0 0 0 0 0 0 0
-36.62292 0 0 0 0 0 0 0 0 0 0 0 0 0 0 0
-36.62292 0 0 0 0 0 0 0 0 0 0 0 0 0 0 0
-36.62292 0 0 0 0 0 0 0 0 0 0 0 0 0 0 0
-36.62292 0 0 0 0 0 0 0 0 0 0 0 0 0 0 0
-36.61743 0 0 0 0 0 0 0 0 0 0 0 0 0 0 0
-36.62842 0 0 0 0 0 0 0 0 0 0 0 0 0 0 0
-36.62842 0 0 0 0 0 0 0 0 0 0 0 0 0 0 0
-36.6449 0 0 0 0 0 0 0 0 0 0 0 0 0 0 0
-36.65039 0 0 0 0 0 0 0 0 0 0 0 0 0 0 0
-36.66687 0 0 0 0 0 0 0 0 0 0 0 0 0 0 0
-36.66687 0 0 0 0 0 0 0 0 0 0 0 0 0 0 0
-36.66687 0 0 0 0 0 0 0 0 0 0 0 0 0 0 0
-36.66687 0 0 0 0 0 0 0 0 0 0 0 0 0 0 0
-36.65588 0 0 0 0 0 0 0 0 0 0 0 0 0 0 0
-36.65039 0 0 0 0 0 0 0 0 0 0 0 0 0 0 0
-36.65039 0 0 0 0 0 0 0 0 0 0 0 0 0 0 0
-36.6449 0 0 0 0 0 0 0 0 0 0 0 0 0 0 0
-36.6449 0 0 0 0 0 0 0 0 0 0 0 0 0 0 0
-36.65039 0 0 0 0 0 0 0 0 0 0 0 0 0 0 0
-36.65039 0 0 0 0 0 0 0 0 0 0 0 0 0 0 0
-36.66138 0 0 0 0 0 0 0 0 0 0 0 0 0 0 0
-36.66138 0 0 0 0 0 0 0 0 0 0 0 0 0 0 0
-36.66687 0 0 0 0 0 0 0 0 0 0 0 0 0 0 0
-36.66687 0 0 0 0 0 0 0 0 0 0 0 0 0 0 0
-36.68335 0 0 0 0 0 0 0 0 0 0 0 0 0 0 0
-36.68335 0 0 0 0 0 0 0 0 0 0 0 0 0 0 0
-36.69434 0 0 0 0 0 0 0 0 0 0 0 0 0 0 0
-36.69434 0 0 0 0 0 0 0 0 0 0 0 0 0 0 0
-36.69434 0 0 0 0 0 0 0 0 0 0 0 0 0 0 0
-36.68884 0 0 0 0 0 0 0 0 0 0 0 0 0 0 0
-36.67786 0 0 0 0 0 0 0 0 0 0 0 0 0 0 0
-36.67786 0 0 0 0 0 0 0 0 0 0 0 0 0 0 0
-36.66138 0 0 0 0 0 0 0 0 0 0 0 0 0 0 0
-36.66138 0 0 0 0 0 0 0 0 0 0 0 0 0 0 0
-36.6449 0 0 0 0 0 0 0 0 0 0 0 0 0 0 0
-36.6449 0 0 0 0 0 0 0 0 0 0 0 0 0 0 0
-36.63391 0 0 0 0 0 0 0 0 0 0 0 0 0 0 0
-36.63391 0 0 0 0 0 0 0 0 0 0 0 0 0 0 0
-36.6449 0 0 0 0 0 0 0 0 0 0 0 0 0 0 0
-36.6449 0 0 0 0 0 0 0 0 0 0 0 0 0 0 0
-36.66138 0 0 0 0 0 0 0 0 0 0 0 0 0 0 0
-36.66138 0 0 0 0 0 0 0 0 0 0 0 0 0 0 0
-36.68335 0 0 0 0 0 0 0 0 0 0 0 0 0 0 0
-36.69434 0 0 0 0 0 0 0 0 0 0 0 0 0 0 0
-36.69434 0 0 0 0 0 0 0 0 0 0 0 0 0 0 0
-36.69434 0 0 0 0 0 0 0 0 0 0 0 0 0 0 0
-36.69434 0 0 0 0 0 0 0 0 0 0 0 0 0 0 0
-36.68884 0 0 0 0 0 0 0 0 0 0 0 0 0 0 0
-36.68884 0 0 0 0 0 0 0 0 0 0 0 0 0 0 0
-36.68335 0 0 0 0 0 0 0 0 0 0 0 0 0 0 0
-36.68335 0 0 0 0 0 0 0 0 0 0 0 0 0 0 0
-36.67786 0 0 0 0 0 0 0 0 0 0 0 0 0 0 0
-36.67786 0 0 0 0 0 0 0 0 0 0 0 0 0 0 0
-36.66687 0 0 0 0 0 0 0 0 0 0 0 0 0 0 0
-36.66687 0 0 0 0 0 0 0 0 0 0 0 0 0 0 0
-36.66687 0 0 0 0 0 0 0 0 0 0 0 0 0 0 0
-36.67236 0 0 0 0 0 0 0 0 0 0 0 0 0 0 0
-36.67236 0 0 0 0 0 0 0 0 0 0 0 0 0 0 0
-36.68335 0 0 0 0 0 0 0 0 0 0 0 0 0 0 0
-36.68884 0 0 0 0 0 0 0 0 0 0 0 0 0 0 0
-36.68884 0 0 0 0 0 0 0 0 0 0 0 0 0 0 0
-36.69434 0 0 0 0 0 0 0 0 0 0 0 0 0 0 0
-36.69434 0 0 0 0 0 0 0 0 0 0 0 0 0 0 0
-36.69983 0 0 0 0 0 0 0 0 0 0 0 0 0 0 0
-36.69983 0 0 0 0 0 0 0 0 0 0 0 0 0 0 0
-36.69983 0 0 0 0 0 0 0 0 0 0 0 0 0 0 0
-36.70532 0 0 0 0 0 0 0 0 0 0 0 0 0 0 0
-36.70532 0 0 0 0 0 0 0 0 0 0 0 0 0 0 0
-36.69983 0 0 0 0 0 0 0 0 0 0 0 0 0 0 0
-36.69983 0 0 0 0 0 0 0 0 0 0 0 0 0 0 0
-36.69983 0 0 0 0 0 0 0 0 0 0 0 0 0 0 0
-36.69983 0 0 0 0 0 0 0 0 0 0 0 0 0 0 0
-36.69434 0 0 0 0 0 0 0 0 0 0 0 0 0 0 0
-36.68884 0 0 0 0 0 0 0 0 0 0 0 0 0 0 0
-36.68884 0 0 0 0 0 0 0 0 0 0 0 0 0 0 0
-36.68884 0 0 0 0 0 0 0 0 0 0 0 0 0 0 0
-36.69434 0 0 0 0 0 0 0 0 0 0 0 0 0 0 0
-36.69434 0 0 0 0 0 0 0 0 0 0 0 0 0 0 0
-36.71082 0 0 0 0 0 0 0 0 0 0 0 0 0 0 0
-36.71082 0 0 0 0 0 0 0 0 0 0 0 0 0 0 0
-36.71631 0 0 0 0 0 0 0 0 0 0 0 0 0 0 0
-36.71631 0 0 0 0 0 0 0 0 0 0 0 0 0 0 0
-36.71631 0 0 0 0 0 0 0 0 0 0 0 0 0 0 0
-36.70532 0 0 0 0 0 0 0 0 0 0 0 0 0 0 0
-36.70532 0 0 0 0 0 0 0 0 0 0 0 0 0 0 0
-36.69434 0 0 0 0 0 0 0 0 0 0 0 0 0 0 0
-36.69434 0 0 0 0 0 0 0 0 0 0 0 0 0 0 0
-36.68335 0 0 0 0 0 0 0 0 0 0 0 0 0 0 0
-36.68335 0 0 0 0 0 0 0 0 0 0 0 0 0 0 0
-36.67786 0 0 0 0 0 0 0 0 0 0 0 0 0 0 0
-36.67786 0 0 0 0 0 0 0 0 0 0 0 0 0 0 0
-36.67786 0 0 0 0 0 0 0 0 0 0 0 0 0 0 0
-36.67786 0 0 0 0 0 0 0 0 0 0 0 0 0 0 0
-36.67786 0 0 0 0 0 0 0 0 0 0 0 0 0 0 0
-36.67236 0 0 0 0 0 0 0 0 0 0 0 0 0 0 0
-36.67236 0 0 0 0 0 0 0 0 0 0 0 0 0 0 0
-36.65588 0 0 0 0 0 0 0 0 0 0 0 0 0 0 0
-36.65588 0 0 0 0 0 0 0 0 0 0 0 0 0 0 0
-36.63391 0 0 0 0 0 0 0 0 0 0 0 0 0 0 0
-36.63391 0 0 0 0 0 0 0 0 0 0 0 0 0 0 0
-36.63391 0 0 0 0 0 0 0 0 0 0 0 0 0 0 0
-36.61743 0 0 0 0 0 0 0 0 0 0 0 0 0 0 0
-36.60645 0 0 0 0 0 0 0 0 0 0 0 0 0 0 0
-36.60645 0 0 0 0 0 0 0 0 0 0 0 0 0 0 0
-36.60645 0 0 0 0 0 0 0 0 0 0 0 0 0 0 0
-36.60095 0 0 0 0 0 0 0 0 0 0 0 0 0 0 0
-36.60095 0 0 0 0 0 0 0 0 0 0 0 0 0 0 0
-36.60095 0 0 0 0 0 0 0 0 0 0 0 0 0 0 0
-36.60095 0 0 0 0 0 0 0 0 0 0 0 0 0 0 0
-36.60645 0 0 0 0 0 0 0 0 0 0 0 0 0 0 0
-36.60645 0 0 0 0 0 0 0 0 0 0 0 0 0 0 0
-36.60645 0 0 0 0 0 0 0 0 0 0 0 0 0 0 0
-36.60645 0 0 0 0 0 0 0 0 0 0 0 0 0 0 0
-36.60645 0 0 0 0 0 0 0 0 0 0 0 0 0 0 0
-36.60095 0 0 0 0 0 0 0 0 0 0 0 0 0 0 0
-36.58447 0 0 0 0 0 0 0 0 0 0 0 0 0 0 0
-36.58447 0 0 0 0 0 0 0 0 0 0 0 0 0 0 0
-36.56799 0 0 0 0 0 0 0 0 0 0 0 0 0 0 0
-36.56799 0 0 0 0 0 0 0 0 0 0 0 0 0 0 0
-36.5625 0 0 0 0 0 0 0 0 0 0 0 0 0 0 0
-36.5625 0 0 0 0 0 0 0 0 0 0 0 0 0 0 0
-36.5625 0 0 0 0 0 0 0 0 0 0 0 0 0 0 0
-36.56799 0 0 0 0 0 0 0 0 0 0 0 0 0 0 0
-36.57349 0 0 0 0 0 0 0 0 0 0 0 0 0 0 0
-36.57349 0 0 0 0 0 0 0 0 0 0 0 0 0 0 0
-36.57349 0 0 0 0 0 0 0 0 0 0 0 0 0 0 0
-36.57349 0 0 0 0 0 0 0 0 0 0 0 0 0 0 0
-36.56799 0 0 0 0 0 0 0 0 0 0 0 0 0 0 0
-36.56799 0 0 0 0 0 0 0 0 0 0 0 0 0 0 0
-36.56799 0 0 0 0 0 0 0 0 0 0 0 0 0 0 0
-36.5625 0 0 0 0 0 0 0 0 0 0 0 0 0 0 0
-36.55151 0 0 0 0 0 0 0 0 0 0 0 0 0 0 0
-36.54053 0 0 0 0 0 0 0 0 0 0 0 0 0 0 0
-36.54053 0 0 0 0 0 0 0 0 0 0 0 0 0 0 0
-36.53503 0 0 0 0 0 0 0 0 0 0 0 0 0 0 0
-36.53503 0 0 0 0 0 0 0 0 0 0 0 0 0 0 0
-36.54602 0 0 0 0 0 0 0 0 0 0 0 0 0 0 0
-36.54602 0 0 0 0 0 0 0 0 0 0 0 0 0 0 0
-36.57349 0 0 0 0 0 0 0 0 0 0 0 0 0 0 0
-36.57349 0 0 0 0 0 0 0 0 0 0 0 0 0 0 0
-36.60645 0 0 0 0 0 0 0 0 0 0 0 0 0 0 0
-36.60645 0 0 0 0 0 0 0 0 0 0 0 0 0 0 0
-36.61743 0 0 0 0 0 0 0 0 0 0 0 0 0 0 0
-36.61743 0 0 0 0 0 0 0 0 0 0 0 0 0 0 0
-36.61194 0 0 0 0 0 0 0 0 0 0 0 0 0 0 0
-36.58997 0 0 0 0 0 0 0 0 0 0 0 0 0 0 0
-36.58997 0 0 0 0 0 0 0 0 0 0 0 0 0 0 0
-36.57349 0 0 0 0 0 0 0 0 0 0 0 0 0 0 0
-36.55701 0 0 0 0 0 0 0 0 0 0 0 0 0 0 0
-36.55151 0 0 0 0 0 0 0 0 0 0 0 0 0 0 0
-36.55151 0 0 0 0 0 0 0 0 0 0 0 0 0 0 0
-36.55151 0 0 0 0 0 0 0 0 0 0 0 0 0 0 0
-36.55701 0 0 0 0 0 0 0 0 0 0 0 0 0 0 0
-36.55701 0 0 0 0 0 0 0 0 0 0 0 0 0 0 0
-36.55701 0 0 0 0 0 0 0 0 0 0 0 0 0 0 0
-36.58447 0 0 0 0 0 0 0 0 0 0 0 0 0 0 0
-36.58997 0 0 0 0 0 0 0 0 0 0 0 0 0 0 0
-36.59546 0 0 0 0 0 0 0 0 0 0 0 0 0 0 0
-36.59546 0 0 0 0 0 0 0 0 0 0 0 0 0 0 0
-36.58447 0 0 0 0 0 0 0 0 0 0 0 0 0 0 0
-36.58447 0 0 0 0 0 0 0 0 0 0 0 0 0 0 0
-36.5625 0 0 0 0 0 0 0 0 0 0 0 0 0 0 0
-36.5625 0 0 0 0 0 0 0 0 0 0 0 0 0 0 0
-36.53503 0 0 0 0 0 0 0 0 0 0 0 0 0 0 0
-36.52954 0 0 0 0 0 0 0 0 0 0 0 0 0 0 0
-36.52954 0 0 0 0 0 0 0 0 0 0 0 0 0 0 0
-36.53503 0 0 0 0 0 0 0 0 0 0 0 0 0 0 0
-36.53503 0 0 0 0 0 0 0 0 0 0 0 0 0 0 0
-36.54602 0 0 0 0 0 0 0 0 0 0 0 0 0 0 0
-36.55151 0 0 0 0 0 0 0 0 0 0 0 0 0 0 0
-36.55701 0 0 0 0 0 0 0 0 0 0 0 0 0 0 0
-36.55701 0 0 0 0 0 0 0 0 0 0 0 0 0 0 0
-36.57349 0 0 0 0 0 0 0 0 0 0 0 0 0 0 0
-36.58447 0 0 0 0 0 0 0 0 0 0 0 0 0 0 0
-36.60095 0 0 0 0 0 0 0 0 0 0 0 0 0 0 0
-36.60095 0 0 0 0 0 0 0 0 0 0 0 0 0 0 0
-36.60645 0 0 0 0 0 0 0 0 0 0 0 0 0 0 0
-36.60645 0 0 0 0 0 0 0 0 0 0 0 0 0 0 0
-36.61194 0 0 0 0 0 0 0 0 0 0 0 0 0 0 0
-36.61194 0 0 0 0 0 0 0 0 0 0 0 0 0 0 0
-36.62292 0 0 0 0 0 0 0 0 0 0 0 0 0 0 0
-36.62292 0 0 0 0 0 0 0 0 0 0 0 0 0 0 0
-36.62842 0 0 0 0 0 0 0 0 0 0 0 0 0 0 0
-36.61743 0 0 0 0 0 0 0 0 0 0 0 0 0 0 0
-36.61194 0 0 0 0 0 0 0 0 0 0 0 0 0 0 0
-36.61194 0 0 0 0 0 0 0 0 0 0 0 0 0 0 0
-36.61194 0 0 0 0 0 0 0 0 0 0 0 0 0 0 0
-36.61743 0 0 0 0 0 0 0 0 0 0 0 0 0 0 0
-36.61743 0 0 0 0 0 0 0 0 0 0 0 0 0 0 0
-36.62292 0 0 0 0 0 0 0 0 0 0 0 0 0 0 0
-36.62292 0 0 0 0 0 0 0 0 0 0 0 0 0 0 0
-36.62292 0 0 0 0 0 0 0 0 0 0 0 0 0 0 0
-36.61194 0 0 0 0 0 0 0 0 0 0 0 0 0 0 0
-36.61194 0 0 0 0 0 0 0 0 0 0 0 0 0 0 0
-36.59546 0 0 0 0 0 0 0 0 0 0 0 0 0 0 0
-36.59546 0 0 0 0 0 0 0 0 0 0 0 0 0 0 0
-36.59546 0 0 0 0 0 0 0 0 0 0 0 0 0 0 0
-36.54602 0 0 0 0 0 0 0 0 0 0 0 0 0 0 0
-36.54602 0 0 0 0 0 0 0 0 0 0 0 0 0 0 0
-36.53503 0 0 0 0 0 0 0 0 0 0 0 0 0 0 0
-36.53503 0 0 0 0 0 0 0 0 0 0 0 0 0 0 0
-36.52954 0 0 0 0 0 0 0 0 0 0 0 0 0 0 0
-36.52954 0 0 0 0 0 0 0 0 0 0 0 0 0 0 0
-36.53503 0 0 0 0 0 0 0 0 0 0 0 0 0 0 0
-36.53503 0 0 0 0 0 0 0 0 0 0 0 0 0 0 0
-36.53503 0 0 0 0 0 0 0 0 0 0 0 0 0 0 0
-36.55151 0 0 0 0 0 0 0 0 0 0 0 0 0 0 0
-36.55701 0 0 0 0 0 0 0 0 0 0 0 0 0 0 0
-36.55701 0 0 0 0 0 0 0 0 0 0 0 0 0 0 0
-36.55701 0 0 0 0 0 0 0 0 0 0 0 0 0 0 0
-36.55701 0 0 0 0 0 0 0 0 0 0 0 0 0 0 0
-36.55151 0 0 0 0 0 0 0 0 0 0 0 0 0 0 0
-36.54602 0 0 0 0 0 0 0 0 0 0 0 0 0 0 0
-36.54602 0 0 0 0 0 0 0 0 0 0 0 0 0 0 0
-36.55151 0 0 0 0 0 0 0 0 0 0 0 0 0 0 0
-36.55151 0 0 0 0 0 0 0 0 0 0 0 0 0 0 0
-36.55151 0 0 0 0 0 0 0 0 0 0 0 0 0 0 0
-36.55151 0 0 0 0 0 0 0 0 0 0 0 0 0 0 0
-36.5625 0 0 0 0 0 0 0 0 0 0 0 0 0 0 0
-36.5625 0 0 0 0 0 0 0 0 0 0 0 0 0 0 0
-36.57349 0 0 0 0 0 0 0 0 0 0 0 0 0 0 0
-36.58997 0 0 0 0 0 0 0 0 0 0 0 0 0 0 0
-36.58997 0 0 0 0 0 0 0 0 0 0 0 0 0 0 0
-36.60645 0 0 0 0 0 0 0 0 0 0 0 0 0 0 0
-36.60645 0 0 0 0 0 0 0 0 0 0 0 0 0 0 0
-36.61743 0 0 0 0 0 0 0 0 0 0 0 0 0 0 0
-36.61743 0 0 0 0 0 0 0 0 0 0 0 0 0 0 0
-36.61194 0 0 0 0 0 0 0 0 0 0 0 0 0 0 0
-36.60095 0 0 0 0 0 0 0 0 0 0 0 0 0 0 0
-36.60095 0 0 0 0 0 0 0 0 0 0 0 0 0 0 0
-36.60095 0 0 0 0 0 0 0 0 0 0 0 0 0 0 0
-36.60095 0 0 0 0 0 0 0 0 0 0 0 0 0 0 0
-36.60095 0 0 0 0 0 0 0 0 0 0 0 0 0 0 0
-36.60095 0 0 0 0 0 0 0 0 0 0 0 0 0 0 0
-36.60095 0 0 0 0 0 0 0 0 0 0 0 0 0 0 0
-36.60095 0 0 0 0 0 0 0 0 0 0 0 0 0 0 0
-36.61743 0 0 0 0 0 0 0 0 0 0 0 0 0 0 0
-36.63391 0 0 0 0 0 0 0 0 0 0 0 0 0 0 0
-36.63391 0 0 0 0 0 0 0 0 0 0 0 0 0 0 0
-36.63391 0 0 0 0 0 0 0 0 0 0 0 0 0 0 0
-36.6449 0 0 0 0 0 0 0 0 0 0 0 0 0 0 0
-36.65588 0 0 0 0 0 0 0 0 0 0 0 0 0 0 0
-36.66138 0 0 0 0 0 0 0 0 0 0 0 0 0 0 0
-36.66138 0 0 0 0 0 0 0 0 0 0 0 0 0 0 0
-36.66687 0 0 0 0 0 0 0 0 0 0 0 0 0 0 0
-36.66687 0 0 0 0 0 0 0 0 0 0 0 0 0 0 0
-36.66138 0 0 0 0 0 0 0 0 0 0 0 0 0 0 0
-36.66138 0 0 0 0 0 0 0 0 0 0 0 0 0 0 0
-36.65588 0 0 0 0 0 0 0 0 0 0 0 0 0 0 0
-36.65588 0 0 0 0 0 0 0 0 0 0 0 0 0 0 0
-36.6449 0 0 0 0 0 0 0 0 0 0 0 0 0 0 0
-36.6449 0 0 0 0 0 0 0 0 0 0 0 0 0 0 0
-36.6449 0 0 0 0 0 0 0 0 0 0 0 0 0 0 0
-36.6449 0 0 0 0 0 0 0 0 0 0 0 0 0 0 0
-36.63391 0 0 0 0 0 0 0 0 0 0 0 0 0 0 0
-36.63391 0 0 0 0 0 0 0 0 0 0 0 0 0 0 0
-36.62842 0 0 0 0 0 0 0 0 0 0 0 0 0 0 0
-36.62842 0 0 0 0 0 0 0 0 0 0 0 0 0 0 0
-36.62292 0 0 0 0 0 0 0 0 0 0 0 0 0 0 0
-36.63391 0 0 0 0 0 0 0 0 0 0 0 0 0 0 0
-36.63391 0 0 0 0 0 0 0 0 0 0 0 0 0 0 0
-36.65039 0 0 0 0 0 0 0 0 0 0 0 0 0 0 0
-36.66687 0 0 0 0 0 0 0 0 0 0 0 0 0 0 0
-36.66687 0 0 0 0 0 0 0 0 0 0 0 0 0 0 0
-36.66687 0 0 0 0 0 0 0 0 0 0 0 0 0 0 0
-36.65588 0 0 0 0 0 0 0 0 0 0 0 0 0 0 0
-36.65588 0 0 0 0 0 0 0 0 0 0 0 0 0 0 0
-36.6449 0 0 0 0 0 0 0 0 0 0 0 0 0 0 0
-36.63391 0 0 0 0 0 0 0 0 0 0 0 0 0 0 0
-36.6394 0 0 0 0 0 0 0 0 0 0 0 0 0 0 0
-36.6449 0 0 0 0 0 0 0 0 0 0 0 0 0 0 0
-36.66138 0 0 0 0 0 0 0 0 0 0 0 0 0 0 0
-36.66138 0 0 0 0 0 0 0 0 0 0 0 0 0 0 0
-36.68335 0 0 0 0 0 0 0 0 0 0 0 0 0 0 0
-36.68335 0 0 0 0 0 0 0 0 0 0 0 0 0 0 0
-36.71082 0 0 0 0 0 0 0 0 0 0 0 0 0 0 0
-36.71082 0 0 0 0 0 0 0 0 0 0 0 0 0 0 0
-36.71082 0 0 0 0 0 0 0 0 0 0 0 0 0 0 0
-36.71082 0 0 0 0 0 0 0 0 0 0 0 0 0 0 0
-36.69983 0 0 0 0 0 0 0 0 0 0 0 0 0 0 0
-36.68335 0 0 0 0 0 0 0 0 0 0 0 0 0 0 0
-36.68335 0 0 0 0 0 0 0 0 0 0 0 0 0 0 0
-36.66138 0 0 0 0 0 0 0 0 0 0 0 0 0 0 0
-36.6449 0 0 0 0 0 0 0 0 0 0 0 0 0 0 0
-36.6449 0 0 0 0 0 0 0 0 0 0 0 0 0 0 0
-36.6394 0 0 0 0 0 0 0 0 0 0 0 0 0 0 0
-36.6394 0 0 0 0 0 0 0 0 0 0 0 0 0 0 0
-36.63391 0 0 0 0 0 0 0 0 0 0 0 0 0 0 0
-36.6394 0 0 0 0 0 0 0 0 0 0 0 0 0 0 0
-36.6394 0 0 0 0 0 0 0 0 0 0 0 0 0 0 0
-36.6394 0 0 0 0 0 0 0 0 0 0 0 0 0 0 0
-36.6394 0 0 0 0 0 0 0 0 0 0 0 0 0 0 0
-36.6394 0 0 0 0 0 0 0 0 0 0 0 0 0 0 0
-36.6394 0 0 0 0 0 0 0 0 0 0 0 0 0 0 0
-36.6449 0 0 0 0 0 0 0 0 0 0 0 0 0 0 0
-36.6449 0 0 0 0 0 0 0 0 0 0 0 0 0 0 0
-36.6394 0 0 0 0 0 0 0 0 0 0 0 0 0 0 0
-36.62292 0 0 0 0 0 0 0 0 0 0 0 0 0 0 0
-36.62292 0 0 0 0 0 0 0 0 0 0 0 0 0 0 0
-36.60095 0 0 0 0 0 0 0 0 0 0 0 0 0 0 0
-36.58447 0 0 0 0 0 0 0 0 0 0 0 0 0 0 0
-36.58447 0 0 0 0 0 0 0 0 0 0 0 0 0 0 0
-36.58447 0 0 0 0 0 0 0 0 0 0 0 0 0 0 0
-36.58447 0 0 0 0 0 0 0 0 0 0 0 0 0 0 0
-36.58447 0 0 0 0 0 0 0 0 0 0 0 0 0 0 0
-36.60645 0 0 0 0 0 0 0 0 0 0 0 0 0 0 0
-36.60645 0 0 0 0 0 0 0 0 0 0 0 0 0 0 0
-36.62292 0 0 0 0 0 0 0 0 0 0 0 0 0 0 0
-36.62292 0 0 0 0 0 0 0 0 0 0 0 0 0 0 0
-36.6394 0 0 0 0 0 0 0 0 0 0 0 0 0 0 0
-36.6394 0 0 0 0 0 0 0 0 0 0 0 0 0 0 0
-36.6394 0 0 0 0 0 0 0 0 0 0 0 0 0 0 0
-36.65588 0 0 0 0 0 0 0 0 0 0 0 0 0 0 0
-36.65039 0 0 0 0 0 0 0 0 0 0 0 0 0 0 0
-36.65039 0 0 0 0 0 0 0 0 0 0 0 0 0 0 0
-36.65039 0 0 0 0 0 0 0 0 0 0 0 0 0 0 0
-36.63391 0 0 0 0 0 0 0 0 0 0 0 0 0 0 0
-36.62842 0 0 0 0 0 0 0 0 0 0 0 0 0 0 0
-36.61743 0 0 0 0 0 0 0 0 0 0 0 0 0 0 0
-36.61743 0 0 0 0 0 0 0 0 0 0 0 0 0 0 0
-36.61743 0 0 0 0 0 0 0 0 0 0 0 0 0 0 0
-36.60645 0 0 0 0 0 0 0 0 0 0 0 0 0 0 0
-36.60645 0 0 0 0 0 0 0 0 0 0 0 0 0 0 0
-36.60095 0 0 0 0 0 0 0 0 0 0 0 0 0 0 0
-36.60095 0 0 0 0 0 0 0 0 0 0 0 0 0 0 0
-36.60645 0 0 0 0 0 0 0 0 0 0 0 0 0 0 0
-36.61743 0 0 0 0 0 0 0 0 0 0 0 0 0 0 0
-36.61743 0 0 0 0 0 0 0 0 0 0 0 0 0 0 0
-36.62842 0 0 0 0 0 0 0 0 0 0 0 0 0 0 0
-36.62842 0 0 0 0 0 0 0 0 0 0 0 0 0 0 0
-36.62842 0 0 0 0 0 0 0 0 0 0 0 0 0 0 0
-36.62842 0 0 0 0 0 0 0 0 0 0 0 0 0 0 0
-36.61743 0 0 0 0 0 0 0 0 0 0 0 0 0 0 0
-36.61743 0 0 0 0 0 0 0 0 0 0 0 0 0 0 0
-36.60645 0 0 0 0 0 0 0 0 0 0 0 0 0 0 0
-36.59546 0 0 0 0 0 0 0 0 0 0 0 0 0 0 0
-36.59546 0 0 0 0 0 0 0 0 0 0 0 0 0 0 0
-36.58997 0 0 0 0 0 0 0 0 0 0 0 0 0 0 0
-36.58997 0 0 0 0 0 0 0 0 0 0 0 0 0 0 0
-36.58997 0 0 0 0 0 0 0 0 0 0 0 0 0 0 0
-36.59546 0 0 0 0 0 0 0 0 0 0 0 0 0 0 0
-36.59546 0 0 0 0 0 0 0 0 0 0 0 0 0 0 0
-36.60095 0 0 0 0 0 0 0 0 0 0 0 0 0 0 0
-36.60095 0 0 0 0 0 0 0 0 0 0 0 0 0 0 0
-36.60095 0 0 0 0 0 0 0 0 0 0 0 0 0 0 0
-36.59546 0 0 0 0 0 0 0 0 0 0 0 0 0 0 0
-36.59546 0 0 0 0 0 0 0 0 0 0 0 0 0 0 0
-36.59546 0 0 0 0 0 0 0 0 0 0 0 0 0 0 0
-36.59546 0 0 0 0 0 0 0 0 0 0 0 0 0 0 0
-36.59546 0 0 0 0 0 0 0 0 0 0 0 0 0 0 0
-36.59546 0 0 0 0 0 0 0 0 0 0 0 0 0 0 0
-36.59546 0 0 0 0 0 0 0 0 0 0 0 0 0 0 0
-36.58997 0 0 0 0 0 0 0 0 0 0 0 0 0 0 0
-36.58997 0 0 0 0 0 0 0 0 0 0 0 0 0 0 0
-36.58447 0 0 0 0 0 0 0 0 0 0 0 0 0 0 0
-36.58997 0 0 0 0 0 0 0 0 0 0 0 0 0 0 0
-36.58997 0 0 0 0 0 0 0 0 0 0 0 0 0 0 0
-36.58997 0 0 0 0 0 0 0 0 0 0 0 0 0 0 0
-36.58997 0 0 0 0 0 0 0 0 0 0 0 0 0 0 0
-36.58997 0 0 0 0 0 0 0 0 0 0 0 0 0 0 0
-36.58997 0 0 0 0 0 0 0 0 0 0 0 0 0 0 0
-36.58447 0 0 0 0 0 0 0 0 0 0 0 0 0 0 0
-36.58447 0 0 0 0 0 0 0 0 0 0 0 0 0 0 0
-36.59546 0 0 0 0 0 0 0 0 0 0 0 0 0 0 0
-36.60095 0 0 0 0 0 0 0 0 0 0 0 0 0 0 0
-36.60095 0 0 0 0 0 0 0 0 0 0 0 0 0 0 0
-36.60645 0 0 0 0 0 0 0 0 0 0 0 0 0 0 0
-36.60645 0 0 0 0 0 0 0 0 0 0 0 0 0 0 0
-36.61194 0 0 0 0 0 0 0 0 0 0 0 0 0 0 0
-36.61194 0 0 0 0 0 0 0 0 0 0 0 0 0 0 0
-36.61194 0 0 0 0 0 0 0 0 0 0 0 0 0 0 0
-36.61194 0 0 0 0 0 0 0 0 0 0 0 0 0 0 0
-36.60645 0 0 0 0 0 0 0 0 0 0 0 0 0 0 0
-36.60095 0 0 0 0 0 0 0 0 0 0 0 0 0 0 0
-36.60095 0 0 0 0 0 0 0 0 0 0 0 0 0 0 0
-36.60095 0 0 0 0 0 0 0 0 0 0 0 0 0 0 0
-36.59546 0 0 0 0 0 0 0 0 0 0 0 0 0 0 0
-36.59546 0 0 0 0 0 0 0 0 0 0 0 0 0 0 0
-36.59546 0 0 0 0 0 0 0 0 0 0 0 0 0 0 0
-36.59546 0 0 0 0 0 0 0 0 0 0 0 0 0 0 0
-36.60095 0 0 0 0 0 0 0 0 0 0 0 0 0 0 0
-36.60095 0 0 0 0 0 0 0 0 0 0 0 0 0 0 0
-36.60095 0 0 0 0 0 0 0 0 0 0 0 0 0 0 0
-36.59546 0 0 0 0 0 0 0 0 0 0 0 0 0 0 0
-36.59546 0 0 0 0 0 0 0 0 0 0 0 0 0 0 0
-36.58997 0 0 0 0 0 0 0 0 0 0 0 0 0 0 0
-36.58997 0 0 0 0 0 0 0 0 0 0 0 0 0 0 0
-36.58997 0 0 0 0 0 0 0 0 0 0 0 0 0 0 0
-36.58997 0 0 0 0 0 0 0 0 0 0 0 0 0 0 0
-36.58997 0 0 0 0 0 0 0 0 0 0 0 0 0 0 0
-36.58997 0 0 0 0 0 0 0 0 0 0 0 0 0 0 0
-36.58997 0 0 0 0 0 0 0 0 0 0 0 0 0 0 0
-36.58447 0 0 0 0 0 0 0 0 0 0 0 0 0 0 0
-36.58447 0 0 0 0 0 0 0 0 0 0 0 0 0 0 0
-36.58447 0 0 0 0 0 0 0 0 0 0 0 0 0 0 0
-36.58447 0 0 0 0 0 0 0 0 0 0 0 0 0 0 0
-36.58447 0 0 0 0 0 0 0 0 0 0 0 0 0 0 0
-36.58447 0 0 0 0 0 0 0 0 0 0 0 0 0 0 0
-36.58447 0 0 0 0 0 0 0 0 0 0 0 0 0 0 0
-36.58447 0 0 0 0 0 0 0 0 0 0 0 0 0 0 0
-36.58447 0 0 0 0 0 0 0 0 0 0 0 0 0 0 0
-36.57349 0 0 0 0 0 0 0 0 0 0 0 0 0 0 0
-36.57898 0 0 0 0 0 0 0 0 0 0 0 0 0 0 0
-36.57898 0 0 0 0 0 0 0 0 0 0 0 0 0 0 0
-36.57898 0 0 0 0 0 0 0 0 0 0 0 0 0 0 0
-36.57898 0 0 0 0 0 0 0 0 0 0 0 0 0 0 0
-36.58447 0 0 0 0 0 0 0 0 0 0 0 0 0 0 0
-36.57898 0 0 0 0 0 0 0 0 0 0 0 0 0 0 0
-36.57898 0 0 0 0 0 0 0 0 0 0 0 0 0 0 0
-36.58447 0 0 0 0 0 0 0 0 0 0 0 0 0 0 0
-36.58447 0 0 0 0 0 0 0 0 0 0 0 0 0 0 0
-36.60645 0 0 0 0 0 0 0 0 0 0 0 0 0 0 0
-36.60645 0 0 0 0 0 0 0 0 0 0 0 0 0 0 0
-36.62292 0 0 0 0 0 0 0 0 0 0 0 0 0 0 0
-36.62292 0 0 0 0 0 0 0 0 0 0 0 0 0 0 0
-36.62292 0 0 0 0 0 0 0 0 0 0 0 0 0 0 0
-36.61194 0 0 0 0 0 0 0 0 0 0 0 0 0 0 0
-36.61194 0 0 0 0 0 0 0 0 0 0 0 0 0 0 0
-36.60095 0 0 0 0 0 0 0 0 0 0 0 0 0 0 0
-36.59546 0 0 0 0 0 0 0 0 0 0 0 0 0 0 0
-36.59546 0 0 0 0 0 0 0 0 0 0 0 0 0 0 0
-36.59546 0 0 0 0 0 0 0 0 0 0 0 0 0 0 0
-36.60095 0 0 0 0 0 0 0 0 0 0 0 0 0 0 0
-36.61194 0 0 0 0 0 0 0 0 0 0 0 0 0 0 0
-36.61194 0 0 0 0 0 0 0 0 0 0 0 0 0 0 0
-36.62292 0 0 0 0 0 0 0 0 0 0 0 0 0 0 0
-36.62292 0 0 0 0 0 0 0 0 0 0 0 0 0 0 0
-36.63391 0 0 0 0 0 0 0 0 0 0 0 0 0 0 0
-36.63391 0 0 0 0 0 0 0 0 0 0 0 0 0 0 0
-36.63391 0 0 0 0 0 0 0 0 0 0 0 0 0 0 0
-36.63391 0 0 0 0 0 0 0 0 0 0 0 0 0 0 0
-36.63391 0 0 0 0 0 0 0 0 0 0 0 0 0 0 0
-36.63391 0 0 0 0 0 0 0 0 0 0 0 0 0 0 0
-36.63391 0 0 0 0 0 0 0 0 0 0 0 0 0 0 0
-36.63391 0 0 0 0 0 0 0 0 0 0 0 0 0 0 0
-36.6449 0 0 0 0 0 0 0 0 0 0 0 0 0 0 0
-36.65039 0 0 0 0 0 0 0 0 0 0 0 0 0 0 0
-36.65039 0 0 0 0 0 0 0 0 0 0 0 0 0 0 0
-36.65588 0 0 0 0 0 0 0 0 0 0 0 0 0 0 0
-36.65588 0 0 0 0 0 0 0 0 0 0 0 0 0 0 0
-36.65588 0 0 0 0 0 0 0 0 0 0 0 0 0 0 0
-36.65588 0 0 0 0 0 0 0 0 0 0 0 0 0 0 0
-36.65588 0 0 0 0 0 0 0 0 0 0 0 0 0 0 0
-36.65588 0 0 0 0 0 0 0 0 0 0 0 0 0 0 0
-36.66138 0 0 0 0 0 0 0 0 0 0 0 0 0 0 0
-36.67236 0 0 0 0 0 0 0 0 0 0 0 0 0 0 0
-36.67236 0 0 0 0 0 0 0 0 0 0 0 0 0 0 0
-36.67236 0 0 0 0 0 0 0 0 0 0 0 0 0 0 0
-36.67236 0 0 0 0 0 0 0 0 0 0 0 0 0 0 0
-36.66687 0 0 0 0 0 0 0 0 0 0 0 0 0 0 0
-36.66687 0 0 0 0 0 0 0 0 0 0 0 0 0 0 0
-36.66687 0 0 0 0 0 0 0 0 0 0 0 0 0 0 0
-36.67236 0 0 0 0 0 0 0 0 0 0 0 0 0 0 0
-36.67236 0 0 0 0 0 0 0 0 0 0 0 0 0 0 0
-36.67236 0 0 0 0 0 0 0 0 0 0 0 0 0 0 0
-36.67236 0 0 0 0 0 0 0 0 0 0 0 0 0 0 0
-36.66687 0 0 0 0 0 0 0 0 0 0 0 0 0 0 0
-36.65039 0 0 0 0 0 0 0 0 0 0 0 0 0 0 0
-36.65039 0 0 0 0 0 0 0 0 0 0 0 0 0 0 0
-36.65039 0 0 0 0 0 0 0 0 0 0 0 0 0 0 0
-36.65039 0 0 0 0 0 0 0 0 0 0 0 0 0 0 0
-36.65039 0 0 0 0 0 0 0 0 0 0 0 0 0 0 0
-36.65039 0 0 0 0 0 0 0 0 0 0 0 0 0 0 0
-36.65588 0 0 0 0 0 0 0 0 0 0 0 0 0 0 0
-36.65588 0 0 0 0 0 0 0 0 0 0 0 0 0 0 0
-36.65039 0 0 0 0 0 0 0 0 0 0 0 0 0 0 0
-36.65039 0 0 0 0 0 0 0 0 0 0 0 0 0 0 0
-36.65039 0 0 0 0 0 0 0 0 0 0 0 0 0 0 0
-36.65039 0 0 0 0 0 0 0 0 0 0 0 0 0 0 0
-36.65588 0 0 0 0 0 0 0 0 0 0 0 0 0 0 0
-36.65588 0 0 0 0 0 0 0 0 0 0 0 0 0 0 0
-36.66138 0 0 0 0 0 0 0 0 0 0 0 0 0 0 0
-36.66138 0 0 0 0 0 0 0 0 0 0 0 0 0 0 0
-36.66138 0 0 0 0 0 0 0 0 0 0 0 0 0 0 0
-36.66138 0 0 0 0 0 0 0 0 0 0 0 0 0 0 0
-36.66138 0 0 0 0 0 0 0 0 0 0 0 0 0 0 0
-36.66138 0 0 0 0 0 0 0 0 0 0 0 0 0 0 0
-36.66138 0 0 0 0 0 0 0 0 0 0 0 0 0 0 0
-36.66138 0 0 0 0 0 0 0 0 0 0 0 0 0 0 0
-36.66138 0 0 0 0 0 0 0 0 0 0 0 0 0 0 0
-36.65039 0 0 0 0 0 0 0 0 0 0 0 0 0 0 0
-36.65039 0 0 0 0 0 0 0 0 0 0 0 0 0 0 0
-36.65588 0 0 0 0 0 0 0 0 0 0 0 0 0 0 0
-36.67236 0 0 0 0 0 0 0 0 0 0 0 0 0 0 0
-36.67236 0 0 0 0 0 0 0 0 0 0 0 0 0 0 0
-36.68335 0 0 0 0 0 0 0 0 0 0 0 0 0 0 0
-36.68884 0 0 0 0 0 0 0 0 0 0 0 0 0 0 0
-36.68335 0 0 0 0 0 0 0 0 0 0 0 0 0 0 0
-36.68335 0 0 0 0 0 0 0 0 0 0 0 0 0 0 0
-36.66687 0 0 0 0 0 0 0 0 0 0 0 0 0 0 0
-36.66687 0 0 0 0 0 0 0 0 0 0 0 0 0 0 0
-36.6449 0 0 0 0 0 0 0 0 0 0 0 0 0 0 0
-36.6449 0 0 0 0 0 0 0 0 0 0 0 0 0 0 0
-36.6449 0 0 0 0 0 0 0 0 0 0 0 0 0 0 0
-36.63391 0 0 0 0 0 0 0 0 0 0 0 0 0 0 0
-36.6449 0 0 0 0 0 0 0 0 0 0 0 0 0 0 0
-36.6449 0 0 0 0 0 0 0 0 0 0 0 0 0 0 0
-36.66138 0 0 0 0 0 0 0 0 0 0 0 0 0 0 0
-36.66138 0 0 0 0 0 0 0 0 0 0 0 0 0 0 0
-36.67236 0 0 0 0 0 0 0 0 0 0 0 0 0 0 0
-36.67236 0 0 0 0 0 0 0 0 0 0 0 0 0 0 0
-36.67236 0 0 0 0 0 0 0 0 0 0 0 0 0 0 0
-36.67236 0 0 0 0 0 0 0 0 0 0 0 0 0 0 0
-36.67236 0 0 0 0 0 0 0 0 0 0 0 0 0 0 0
-36.67236 0 0 0 0 0 0 0 0 0 0 0 0 0 0 0
-36.67236 0 0 0 0 0 0 0 0 0 0 0 0 0 0 0
-36.66138 0 0 0 0 0 0 0 0 0 0 0 0 0 0 0
-36.65588 0 0 0 0 0 0 0 0 0 0 0 0 0 0 0
-36.65588 0 0 0 0 0 0 0 0 0 0 0 0 0 0 0
-36.65588 0 0 0 0 0 0 0 0 0 0 0 0 0 0 0
-36.65588 0 0 0 0 0 0 0 0 0 0 0 0 0 0 0
-36.67236 0 0 0 0 0 0 0 0 0 0 0 0 0 0 0
-36.69983 0 0 0 0 0 0 0 0 0 0 0 0 0 0 0
-36.69983 0 0 0 0 0 0 0 0 0 0 0 0 0 0 0
-36.7218 0 0 0 0 0 0 0 0 0 0 0 0 0 0 0
-36.7218 0 0 0 0 0 0 0 0 0 0 0 0 0 0 0
-36.73828 0 0 0 0 0 0 0 0 0 0 0 0 0 0 0
-36.73828 0 0 0 0 0 0 0 0 0 0 0 0 0 0 0
-36.73828 0 0 0 0 0 0 0 0 0 0 0 0 0 0 0
-36.73828 0 0 0 0 0 0 0 0 0 0 0 0 0 0 0
-36.7218 0 0 0 0 0 0 0 0 0 0 0 0 0 0 0
-36.69983 0 0 0 0 0 0 0 0 0 0 0 0 0 0 0
-36.69983 0 0 0 0 0 0 0 0 0 0 0 0 0 0 0
-36.67786 0 0 0 0 0 0 0 0 0 0 0 0 0 0 0
-36.66138 0 0 0 0 0 0 0 0 0 0 0 0 0 0 0
-36.66138 0 0 0 0 0 0 0 0 0 0 0 0 0 0 0
-36.66138 0 0 0 0 0 0 0 0 0 0 0 0 0 0 0
-36.66138 0 0 0 0 0 0 0 0 0 0 0 0 0 0 0
-36.66138 0 0 0 0 0 0 0 0 0 0 0 0 0 0 0
-36.67786 0 0 0 0 0 0 0 0 0 0 0 0 0 0 0
-36.67786 0 0 0 0 0 0 0 0 0 0 0 0 0 0 0
-36.67786 0 0 0 0 0 0 0 0 0 0 0 0 0 0 0
-36.71082 0 0 0 0 0 0 0 0 0 0 0 0 0 0 0
-36.71082 0 0 0 0 0 0 0 0 0 0 0 0 0 0 0
-36.71082 0 0 0 0 0 0 0 0 0 0 0 0 0 0 0
-36.69983 0 0 0 0 0 0 0 0 0 0 0 0 0 0 0
-36.69983 0 0 0 0 0 0 0 0 0 0 0 0 0 0 0
-36.68335 0 0 0 0 0 0 0 0 0 0 0 0 0 0 0
-36.66138 0 0 0 0 0 0 0 0 0 0 0 0 0 0 0
-36.66138 0 0 0 0 0 0 0 0 0 0 0 0 0 0 0
-36.65588 0 0 0 0 0 0 0 0 0 0 0 0 0 0 0
-36.65588 0 0 0 0 0 0 0 0 0 0 0 0 0 0 0
-36.66138 0 0 0 0 0 0 0 0 0 0 0 0 0 0 0
-36.66138 0 0 0 0 0 0 0 0 0 0 0 0 0 0 0
-36.67236 0 0 0 0 0 0 0 0 0 0 0 0 0 0 0
-36.67236 0 0 0 0 0 0 0 0 0 0 0 0 0 0 0
-36.68335 0 0 0 0 0 0 0 0 0 0 0 0 0 0 0
-36.69434 0 0 0 0 0 0 0 0 0 0 0 0 0 0 0
-36.69434 0 0 0 0 0 0 0 0 0 0 0 0 0 0 0
-36.69983 0 0 0 0 0 0 0 0 0 0 0 0 0 0 0
-36.70532 0 0 0 0 0 0 0 0 0 0 0 0 0 0 0
-36.70532 0 0 0 0 0 0 0 0 0 0 0 0 0 0 0
-36.69983 0 0 0 0 0 0 0 0 0 0 0 0 0 0 0
-36.69983 0 0 0 0 0 0 0 0 0 0 0 0 0 0 0
-36.68884 0 0 0 0 0 0 0 0 0 0 0 0 0 0 0
-36.68884 0 0 0 0 0 0 0 0 0 0 0 0 0 0 0
-36.65588 0 0 0 0 0 0 0 0 0 0 0 0 0 0 0
-36.65588 0 0 0 0 0 0 0 0 0 0 0 0 0 0 0
-36.65039 0 0 0 0 0 0 0 0 0 0 0 0 0 0 0
-36.65588 0 0 0 0 0 0 0 0 0 0 0 0 0 0 0
-36.65588 0 0 0 0 0 0 0 0 0 0 0 0 0 0 0
-36.65588 0 0 0 0 0 0 0 0 0 0 0 0 0 0 0
-36.65588 0 0 0 0 0 0 0 0 0 0 0 0 0 0 0
-36.65588 0 0 0 0 0 0 0 0 0 0 0 0 0 0 0
-36.65588 0 0 0 0 0 0 0 0 0 0 0 0 0 0 0
-36.65588 0 0 0 0 0 0 0 0 0 0 0 0 0 0 0
-36.65588 0 0 0 0 0 0 0 0 0 0 0 0 0 0 0
-36.65039 0 0 0 0 0 0 0 0 0 0 0 0 0 0 0
-36.65039 0 0 0 0 0 0 0 0 0 0 0 0 0 0 0
-36.65039 0 0 0 0 0 0 0 0 0 0 0 0 0 0 0
-36.63391 0 0 0 0 0 0 0 0 0 0 0 0 0 0 0
-36.62842 0 0 0 0 0 0 0 0 0 0 0 0 0 0 0
-36.62842 0 0 0 0 0 0 0 0 0 0 0 0 0 0 0
-36.63391 0 0 0 0 0 0 0 0 0 0 0 0 0 0 0
-36.63391 0 0 0 0 0 0 0 0 0 0 0 0 0 0 0
-36.6394 0 0 0 0 0 0 0 0 0 0 0 0 0 0 0
-36.6394 0 0 0 0 0 0 0 0 0 0 0 0 0 0 0
-36.6394 0 0 0 0 0 0 0 0 0 0 0 0 0 0 0
-36.6394 0 0 0 0 0 0 0 0 0 0 0 0 0 0 0
-36.62842 0 0 0 0 0 0 0 0 0 0 0 0 0 0 0
-36.61743 0 0 0 0 0 0 0 0 0 0 0 0 0 0 0
-36.61743 0 0 0 0 0 0 0 0 0 0 0 0 0 0 0
-36.60645 0 0 0 0 0 0 0 0 0 0 0 0 0 0 0
-36.60645 0 0 0 0 0 0 0 0 0 0 0 0 0 0 0
-36.60095 0 0 0 0 0 0 0 0 0 0 0 0 0 0 0
-36.60645 0 0 0 0 0 0 0 0 0 0 0 0 0 0 0
-36.60645 0 0 0 0 0 0 0 0 0 0 0 0 0 0 0
-36.61743 0 0 0 0 0 0 0 0 0 0 0 0 0 0 0
-36.62292 0 0 0 0 0 0 0 0 0 0 0 0 0 0 0
-36.62292 0 0 0 0 0 0 0 0 0 0 0 0 0 0 0
-36.62292 0 0 0 0 0 0 0 0 0 0 0 0 0 0 0
-36.62842 0 0 0 0 0 0 0 0 0 0 0 0 0 0 0
-36.62842 0 0 0 0 0 0 0 0 0 0 0 0 0 0 0
-36.62842 0 0 0 0 0 0 0 0 0 0 0 0 0 0 0
-36.62292 0 0 0 0 0 0 0 0 0 0 0 0 0 0 0
-36.62292 0 0 0 0 0 0 0 0 0 0 0 0 0 0 0
-36.62292 0 0 0 0 0 0 0 0 0 0 0 0 0 0 0
-36.62292 0 0 0 0 0 0 0 0 0 0 0 0 0 0 0
-36.57349 0 0 0 0 0 0 0 0 0 0 0 0 0 0 0
-36.57349 0 0 0 0 0 0 0 0 0 0 0 0 0 0 0
-36.54053 0 0 0 0 0 0 0 0 0 0 0 0 0 0 0
-36.53503 0 0 0 0 0 0 0 0 0 0 0 0 0 0 0
-36.53503 0 0 0 0 0 0 0 0 0 0 0 0 0 0 0
-36.53503 0 0 0 0 0 0 0 0 0 0 0 0 0 0 0
-36.53503 0 0 0 0 0 0 0 0 0 0 0 0 0 0 0
-36.54602 0 0 0 0 0 0 0 0 0 0 0 0 0 0 0
-36.54602 0 0 0 0 0 0 0 0 0 0 0 0 0 0 0
-36.54602 0 0 0 0 0 0 0 0 0 0 0 0 0 0 0
-36.5625 0 0 0 0 0 0 0 0 0 0 0 0 0 0 0
-36.56799 0 0 0 0 0 0 0 0 0 0 0 0 0 0 0
-36.56799 0 0 0 0 0 0 0 0 0 0 0 0 0 0 0
-36.56799 0 0 0 0 0 0 0 0 0 0 0 0 0 0 0
-36.56799 0 0 0 0 0 0 0 0 0 0 0 0 0 0 0
-36.56799 0 0 0 0 0 0 0 0 0 0 0 0 0 0 0
-36.5625 0 0 0 0 0 0 0 0 0 0 0 0 0 0 0
-36.5625 0 0 0 0 0 0 0 0 0 0 0 0 0 0 0
-36.55151 0 0 0 0 0 0 0 0 0 0 0 0 0 0 0
-36.54602 0 0 0 0 0 0 0 0 0 0 0 0 0 0 0
-36.54602 0 0 0 0 0 0 0 0 0 0 0 0 0 0 0
-36.54602 0 0 0 0 0 0 0 0 0 0 0 0 0 0 0
-36.55151 0 0 0 0 0 0 0 0 0 0 0 0 0 0 0
-36.55151 0 0 0 0 0 0 0 0 0 0 0 0 0 0 0
-36.55701 0 0 0 0 0 0 0 0 0 0 0 0 0 0 0
-36.56799 0 0 0 0 0 0 0 0 0 0 0 0 0 0 0
-36.56799 0 0 0 0 0 0 0 0 0 0 0 0 0 0 0
-36.57898 0 0 0 0 0 0 0 0 0 0 0 0 0 0 0
-36.58997 0 0 0 0 0 0 0 0 0 0 0 0 0 0 0
-36.58997 0 0 0 0 0 0 0 0 0 0 0 0 0 0 0
-36.59546 0 0 0 0 0 0 0 0 0 0 0 0 0 0 0
-36.59546 0 0 0 0 0 0 0 0 0 0 0 0 0 0 0
-36.59546 0 0 0 0 0 0 0 0 0 0 0 0 0 0 0
-36.59546 0 0 0 0 0 0 0 0 0 0 0 0 0 0 0
-36.59546 0 0 0 0 0 0 0 0 0 0 0 0 0 0 0
-36.59546 0 0 0 0 0 0 0 0 0 0 0 0 0 0 0
-36.59546 0 0 0 0 0 0 0 0 0 0 0 0 0 0 0
-36.59546 0 0 0 0 0 0 0 0 0 0 0 0 0 0 0
-36.60095 0 0 0 0 0 0 0 0 0 0 0 0 0 0 0
-36.60095 0 0 0 0 0 0 0 0 0 0 0 0 0 0 0
-36.61194 0 0 0 0 0 0 0 0 0 0 0 0 0 0 0
-36.62292 0 0 0 0 0 0 0 0 0 0 0 0 0 0 0
-36.62292 0 0 0 0 0 0 0 0 0 0 0 0 0 0 0
-36.62842 0 0 0 0 0 0 0 0 0 0 0 0 0 0 0
-36.62842 0 0 0 0 0 0 0 0 0 0 0 0 0 0 0
-36.62292 0 0 0 0 0 0 0 0 0 0 0 0 0 0 0
-36.62292 0 0 0 0 0 0 0 0 0 0 0 0 0 0 0
-36.62292 0 0 0 0 0 0 0 0 0 0 0 0 0 0 0
-36.61194 0 0 0 0 0 0 0 0 0 0 0 0 0 0 0
-36.60645 0 0 0 0 0 0 0 0 0 0 0 0 0 0 0
-36.60645 0 0 0 0 0 0 0 0 0 0 0 0 0 0 0
-36.61743 0 0 0 0 0 0 0 0 0 0 0 0 0 0 0
-36.61743 0 0 0 0 0 0 0 0 0 0 0 0 0 0 0
-36.62292 0 0 0 0 0 0 0 0 0 0 0 0 0 0 0
-36.6394 0 0 0 0 0 0 0 0 0 0 0 0 0 0 0
-36.6394 0 0 0 0 0 0 0 0 0 0 0 0 0 0 0
-36.65039 0 0 0 0 0 0 0 0 0 0 0 0 0 0 0
-36.66138 0 0 0 0 0 0 0 0 0 0 0 0 0 0 0
-36.66687 0 0 0 0 0 0 0 0 0 0 0 0 0 0 0
-36.66687 0 0 0 0 0 0 0 0 0 0 0 0 0 0 0
-36.67236 0 0 0 0 0 0 0 0 0 0 0 0 0 0 0
-36.67236 0 0 0 0 0 0 0 0 0 0 0 0 0 0 0
-36.66138 0 0 0 0 0 0 0 0 0 0 0 0 0 0 0
-36.66138 0 0 0 0 0 0 0 0 0 0 0 0 0 0 0
-36.66138 0 0 0 0 0 0 0 0 0 0 0 0 0 0 0
-36.63391 0 0 0 0 0 0 0 0 0 0 0 0 0 0 0
-36.62842 0 0 0 0 0 0 0 0 0 0 0 0 0 0 0
-36.62842 0 0 0 0 0 0 0 0 0 0 0 0 0 0 0
-36.63391 0 0 0 0 0 0 0 0 0 0 0 0 0 0 0
-36.63391 0 0 0 0 0 0 0 0 0 0 0 0 0 0 0
-36.6449 0 0 0 0 0 0 0 0 0 0 0 0 0 0 0
-36.65039 0 0 0 0 0 0 0 0 0 0 0 0 0 0 0
-36.65039 0 0 0 0 0 0 0 0 0 0 0 0 0 0 0
-36.65039 0 0 0 0 0 0 0 0 0 0 0 0 0 0 0
-36.65039 0 0 0 0 0 0 0 0 0 0 0 0 0 0 0
-36.65039 0 0 0 0 0 0 0 0 0 0 0 0 0 0 0
-36.65039 0 0 0 0 0 0 0 0 0 0 0 0 0 0 0
-36.6449 0 0 0 0 0 0 0 0 0 0 0 0 0 0 0
-36.63391 0 0 0 0 0 0 0 0 0 0 0 0 0 0 0
-36.63391 0 0 0 0 0 0 0 0 0 0 0 0 0 0 0
-36.62292 0 0 0 0 0 0 0 0 0 0 0 0 0 0 0
-36.62292 0 0 0 0 0 0 0 0 0 0 0 0 0 0 0
-36.62292 0 0 0 0 0 0 0 0 0 0 0 0 0 0 0
-36.63391 0 0 0 0 0 0 0 0 0 0 0 0 0 0 0
-36.63391 0 0 0 0 0 0 0 0 0 0 0 0 0 0 0
-36.6449 0 0 0 0 0 0 0 0 0 0 0 0 0 0 0
-36.6449 0 0 0 0 0 0 0 0 0 0 0 0 0 0 0
-36.65588 0 0 0 0 0 0 0 0 0 0 0 0 0 0 0
-36.65588 0 0 0 0 0 0 0 0 0 0 0 0 0 0 0
-36.65039 0 0 0 0 0 0 0 0 0 0 0 0 0 0 0
-36.65039 0 0 0 0 0 0 0 0 0 0 0 0 0 0 0
-36.62842 0 0 0 0 0 0 0 0 0 0 0 0 0 0 0
-36.61194 0 0 0 0 0 0 0 0 0 0 0 0 0 0 0
-36.61194 0 0 0 0 0 0 0 0 0 0 0 0 0 0 0
-36.60095 0 0 0 0 0 0 0 0 0 0 0 0 0 0 0
-36.60645 0 0 0 0 0 0 0 0 0 0 0 0 0 0 0
-36.61743 0 0 0 0 0 0 0 0 0 0 0 0 0 0 0
-36.61743 0 0 0 0 0 0 0 0 0 0 0 0 0 0 0
-36.63391 0 0 0 0 0 0 0 0 0 0 0 0 0 0 0
-36.63391 0 0 0 0 0 0 0 0 0 0 0 0 0 0 0
-36.65588 0 0 0 0 0 0 0 0 0 0 0 0 0 0 0
-36.65588 0 0 0 0 0 0 0 0 0 0 0 0 0 0 0
-36.65588 0 0 0 0 0 0 0 0 0 0 0 0 0 0 0
-36.67236 0 0 0 0 0 0 0 0 0 0 0 0 0 0 0
-36.66687 0 0 0 0 0 0 0 0 0 0 0 0 0 0 0
-36.66687 0 0 0 0 0 0 0 0 0 0 0 0 0 0 0
-36.65039 0 0 0 0 0 0 0 0 0 0 0 0 0 0 0
-36.65039 0 0 0 0 0 0 0 0 0 0 0 0 0 0 0
-36.62842 0 0 0 0 0 0 0 0 0 0 0 0 0 0 0
-36.61743 0 0 0 0 0 0 0 0 0 0 0 0 0 0 0
-36.61743 0 0 0 0 0 0 0 0 0 0 0 0 0 0 0
-36.61194 0 0 0 0 0 0 0 0 0 0 0 0 0 0 0
-36.61743 0 0 0 0 0 0 0 0 0 0 0 0 0 0 0
-36.62292 0 0 0 0 0 0 0 0 0 0 0 0 0 0 0
-36.62292 0 0 0 0 0 0 0 0 0 0 0 0 0 0 0
-36.62292 0 0 0 0 0 0 0 0 0 0 0 0 0 0 0
-36.6449 0 0 0 0 0 0 0 0 0 0 0 0 0 0 0
-36.66687 0 0 0 0 0 0 0 0 0 0 0 0 0 0 0
-36.66687 0 0 0 0 0 0 0 0 0 0 0 0 0 0 0
-36.68335 0 0 0 0 0 0 0 0 0 0 0 0 0 0 0
-36.68335 0 0 0 0 0 0 0 0 0 0 0 0 0 0 0
-36.67786 0 0 0 0 0 0 0 0 0 0 0 0 0 0 0
-36.67786 0 0 0 0 0 0 0 0 0 0 0 0 0 0 0
-36.65039 0 0 0 0 0 0 0 0 0 0 0 0 0 0 0
-36.65039 0 0 0 0 0 0 0 0 0 0 0 0 0 0 0
-36.62292 0 0 0 0 0 0 0 0 0 0 0 0 0 0 0
-36.62292 0 0 0 0 0 0 0 0 0 0 0 0 0 0 0
-36.61743 0 0 0 0 0 0 0 0 0 0 0 0 0 0 0
-36.61743 0 0 0 0 0 0 0 0 0 0 0 0 0 0 0
-36.62842 0 0 0 0 0 0 0 0 0 0 0 0 0 0 0
-36.6449 0 0 0 0 0 0 0 0 0 0 0 0 0 0 0
-36.6449 0 0 0 0 0 0 0 0 0 0 0 0 0 0 0
-36.65588 0 0 0 0 0 0 0 0 0 0 0 0 0 0 0
-36.65588 0 0 0 0 0 0 0 0 0 0 0 0 0 0 0
-36.66138 0 0 0 0 0 0 0 0 0 0 0 0 0 0 0
-36.66138 0 0 0 0 0 0 0 0 0 0 0 0 0 0 0
-36.65588 0 0 0 0 0 0 0 0 0 0 0 0 0 0 0
-36.65588 0 0 0 0 0 0 0 0 0 0 0 0 0 0 0
-36.6449 0 0 0 0 0 0 0 0 0 0 0 0 0 0 0
-36.6449 0 0 0 0 0 0 0 0 0 0 0 0 0 0 0
-36.6449 0 0 0 0 0 0 0 0 0 0 0 0 0 0 0
-36.6394 0 0 0 0 0 0 0 0 0 0 0 0 0 0 0
-36.6394 0 0 0 0 0 0 0 0 0 0 0 0 0 0 0
-36.6394 0 0 0 0 0 0 0 0 0 0 0 0 0 0 0
-36.6394 0 0 0 0 0 0 0 0 0 0 0 0 0 0 0
-36.6394 0 0 0 0 0 0 0 0 0 0 0 0 0 0 0
-36.65039 0 0 0 0 0 0 0 0 0 0 0 0 0 0 0
-36.66687 0 0 0 0 0 0 0 0 0 0 0 0 0 0 0
-36.66687 0 0 0 0 0 0 0 0 0 0 0 0 0 0 0
-36.68335 0 0 0 0 0 0 0 0 0 0 0 0 0 0 0
-36.69434 0 0 0 0 0 0 0 0 0 0 0 0 0 0 0
-36.69434 0 0 0 0 0 0 0 0 0 0 0 0 0 0 0
-36.69434 0 0 0 0 0 0 0 0 0 0 0 0 0 0 0
-36.69983 0 0 0 0 0 0 0 0 0 0 0 0 0 0 0
-36.69983 0 0 0 0 0 0 0 0 0 0 0 0 0 0 0
-36.69983 0 0 0 0 0 0 0 0 0 0 0 0 0 0 0
-36.67786 0 0 0 0 0 0 0 0 0 0 0 0 0 0 0
-36.67786 0 0 0 0 0 0 0 0 0 0 0 0 0 0 0
-36.65588 0 0 0 0 0 0 0 0 0 0 0 0 0 0 0
-36.65039 0 0 0 0 0 0 0 0 0 0 0 0 0 0 0
-36.65039 0 0 0 0 0 0 0 0 0 0 0 0 0 0 0
-36.65039 0 0 0 0 0 0 0 0 0 0 0 0 0 0 0
-36.65039 0 0 0 0 0 0 0 0 0 0 0 0 0 0 0
-36.66138 0 0 0 0 0 0 0 0 0 0 0 0 0 0 0
-36.67236 0 0 0 0 0 0 0 0 0 0 0 0 0 0 0
-36.67236 0 0 0 0 0 0 0 0 0 0 0 0 0 0 0
-36.67236 0 0 0 0 0 0 0 0 0 0 0 0 0 0 0
-36.67236 0 0 0 0 0 0 0 0 0 0 0 0 0 0 0
-36.67236 0 0 0 0 0 0 0 0 0 0 0 0 0 0 0
-36.67236 0 0 0 0 0 0 0 0 0 0 0 0 0 0 0
-36.66138 0 0 0 0 0 0 0 0 0 0 0 0 0 0 0
-36.65039 0 0 0 0 0 0 0 0 0 0 0 0 0 0 0
-36.65039 0 0 0 0 0 0 0 0 0 0 0 0 0 0 0
-36.65039 0 0 0 0 0 0 0 0 0 0 0 0 0 0 0
-36.65039 0 0 0 0 0 0 0 0 0 0 0 0 0 0 0
-36.62842 0 0 0 0 0 0 0 0 0 0 0 0 0 0 0
-36.63391 0 0 0 0 0 0 0 0 0 0 0 0 0 0 0
-36.63391 0 0 0 0 0 0 0 0 0 0 0 0 0 0 0
-36.6394 0 0 0 0 0 0 0 0 0 0 0 0 0 0 0
-36.6394 0 0 0 0 0 0 0 0 0 0 0 0 0 0 0
-36.6394 0 0 0 0 0 0 0 0 0 0 0 0 0 0 0
-36.6394 0 0 0 0 0 0 0 0 0 0 0 0 0 0 0
-36.63391 0 0 0 0 0 0 0 0 0 0 0 0 0 0 0
-36.63391 0 0 0 0 0 0 0 0 0 0 0 0 0 0 0
-36.63391 0 0 0 0 0 0 0 0 0 0 0 0 0 0 0
-36.63391 0 0 0 0 0 0 0 0 0 0 0 0 0 0 0
-36.63391 0 0 0 0 0 0 0 0 0 0 0 0 0 0 0
-36.6394 0 0 0 0 0 0 0 0 0 0 0 0 0 0 0
-36.6394 0 0 0 0 0 0 0 0 0 0 0 0 0 0 0
-36.63391 0 0 0 0 0 0 0 0 0 0 0 0 0 0 0
-36.63391 0 0 0 0 0 0 0 0 0 0 0 0 0 0 0
-36.62842 0 0 0 0 0 0 0 0 0 0 0 0 0 0 0
-36.62842 0 0 0 0 0 0 0 0 0 0 0 0 0 0 0
-36.62842 0 0 0 0 0 0 0 0 0 0 0 0 0 0 0
-36.62842 0 0 0 0 0 0 0 0 0 0 0 0 0 0 0
-36.62842 0 0 0 0 0 0 0 0 0 0 0 0 0 0 0
-36.62842 0 0 0 0 0 0 0 0 0 0 0 0 0 0 0
-36.62292 0 0 0 0 0 0 0 0 0 0 0 0 0 0 0
-36.62292 0 0 0 0 0 0 0 0 0 0 0 0 0 0 0
-36.62292 0 0 0 0 0 0 0 0 0 0 0 0 0 0 0
-36.62292 0 0 0 0 0 0 0 0 0 0 0 0 0 0 0
-36.61743 0 0 0 0 0 0 0 0 0 0 0 0 0 0 0
-36.62292 0 0 0 0 0 0 0 0 0 0 0 0 0 0 0
-36.62292 0 0 0 0 0 0 0 0 0 0 0 0 0 0 0
-36.62842 0 0 0 0 0 0 0 0 0 0 0 0 0 0 0
-36.63391 0 0 0 0 0 0 0 0 0 0 0 0 0 0 0
-36.63391 0 0 0 0 0 0 0 0 0 0 0 0 0 0 0
-36.63391 0 0 0 0 0 0 0 0 0 0 0 0 0 0 0
-36.63391 0 0 0 0 0 0 0 0 0 0 0 0 0 0 0
-36.63391 0 0 0 0 0 0 0 0 0 0 0 0 0 0 0
-36.63391 0 0 0 0 0 0 0 0 0 0 0 0 0 0 0
-36.6394 0 0 0 0 0 0 0 0 0 0 0 0 0 0 0
-36.6394 0 0 0 0 0 0 0 0 0 0 0 0 0 0 0
-36.65588 0 0 0 0 0 0 0 0 0 0 0 0 0 0 0
-36.67236 0 0 0 0 0 0 0 0 0 0 0 0 0 0 0
-36.67236 0 0 0 0 0 0 0 0 0 0 0 0 0 0 0
-36.68335 0 0 0 0 0 0 0 0 0 0 0 0 0 0 0
-36.68335 0 0 0 0 0 0 0 0 0 0 0 0 0 0 0
-36.68335 0 0 0 0 0 0 0 0 0 0 0 0 0 0 0
-36.68335 0 0 0 0 0 0 0 0 0 0 0 0 0 0 0
-36.68335 0 0 0 0 0 0 0 0 0 0 0 0 0 0 0
-36.68335 0 0 0 0 0 0 0 0 0 0 0 0 0 0 0
-36.67236 0 0 0 0 0 0 0 0 0 0 0 0 0 0 0
-36.65588 0 0 0 0 0 0 0 0 0 0 0 0 0 0 0
-36.65588 0 0 0 0 0 0 0 0 0 0 0 0 0 0 0
-36.6449 0 0 0 0 0 0 0 0 0 0 0 0 0 0 0
-36.65039 0 0 0 0 0 0 0 0 0 0 0 0 0 0 0
-36.65588 0 0 0 0 0 0 0 0 0 0 0 0 0 0 0
-36.65588 0 0 0 0 0 0 0 0 0 0 0 0 0 0 0
-36.66687 0 0 0 0 0 0 0 0 0 0 0 0 0 0 0
-36.66687 0 0 0 0 0 0 0 0 0 0 0 0 0 0 0
-36.67236 0 0 0 0 0 0 0 0 0 0 0 0 0 0 0
-36.67236 0 0 0 0 0 0 0 0 0 0 0 0 0 0 0
-36.67236 0 0 0 0 0 0 0 0 0 0 0 0 0 0 0
-36.67236 0 0 0 0 0 0 0 0 0 0 0 0 0 0 0
-36.67236 0 0 0 0 0 0 0 0 0 0 0 0 0 0 0
-36.67236 0 0 0 0 0 0 0 0 0 0 0 0 0 0 0
-36.67236 0 0 0 0 0 0 0 0 0 0 0 0 0 0 0
-36.67236 0 0 0 0 0 0 0 0 0 0 0 0 0 0 0
-36.67236 0 0 0 0 0 0 0 0 0 0 0 0 0 0 0
-36.67236 0 0 0 0 0 0 0 0 0 0 0 0 0 0 0
-36.67236 0 0 0 0 0 0 0 0 0 0 0 0 0 0 0
-36.67786 0 0 0 0 0 0 0 0 0 0 0 0 0 0 0
-36.68884 0 0 0 0 0 0 0 0 0 0 0 0 0 0 0
-36.69434 0 0 0 0 0 0 0 0 0 0 0 0 0 0 0
-36.69434 0 0 0 0 0 0 0 0 0 0 0 0 0 0 0
-36.71631 0 0 0 0 0 0 0 0 0 0 0 0 0 0 0
-36.71631 0 0 0 0 0 0 0 0 0 0 0 0 0 0 0
-36.73828 0 0 0 0 0 0 0 0 0 0 0 0 0 0 0
-36.74377 0 0 0 0 0 0 0 0 0 0 0 0 0 0 0
-36.74377 0 0 0 0 0 0 0 0 0 0 0 0 0 0 0
-36.74377 0 0 0 0 0 0 0 0 0 0 0 0 0 0 0
-36.73828 0 0 0 0 0 0 0 0 0 0 0 0 0 0 0
-36.73828 0 0 0 0 0 0 0 0 0 0 0 0 0 0 0
-36.73828 0 0 0 0 0 0 0 0 0 0 0 0 0 0 0
-36.73828 0 0 0 0 0 0 0 0 0 0 0 0 0 0 0
-36.73828 0 0 0 0 0 0 0 0 0 0 0 0 0 0 0
-36.73828 0 0 0 0 0 0 0 0 0 0 0 0 0 0 0
-36.75476 0 0 0 0 0 0 0 0 0 0 0 0 0 0 0
-36.75476 0 0 0 0 0 0 0 0 0 0 0 0 0 0 0
-36.76025 0 0 0 0 0 0 0 0 0 0 0 0 0 0 0
-36.76575 0 0 0 0 0 0 0 0 0 0 0 0 0 0 0
-36.76575 0 0 0 0 0 0 0 0 0 0 0 0 0 0 0
-36.77124 0 0 0 0 0 0 0 0 0 0 0 0 0 0 0
-36.76575 0 0 0 0 0 0 0 0 0 0 0 0 0 0 0
-36.76575 0 0 0 0 0 0 0 0 0 0 0 0 0 0 0
-36.76575 0 0 0 0 0 0 0 0 0 0 0 0 0 0 0
-36.76025 0 0 0 0 0 0 0 0 0 0 0 0 0 0 0
-36.76025 0 0 0 0 0 0 0 0 0 0 0 0 0 0 0
-36.75476 0 0 0 0 0 0 0 0 0 0 0 0 0 0 0
-36.75476 0 0 0 0 0 0 0 0 0 0 0 0 0 0 0
-36.75476 0 0 0 0 0 0 0 0 0 0 0 0 0 0 0
-36.74927 0 0 0 0 0 0 0 0 0 0 0 0 0 0 0
-36.75476 0 0 0 0 0 0 0 0 0 0 0 0 0 0 0
-36.75476 0 0 0 0 0 0 0 0 0 0 0 0 0 0 0
-36.76025 0 0 0 0 0 0 0 0 0 0 0 0 0 0 0
-36.76025 0 0 0 0 0 0 0 0 0 0 0 0 0 0 0
-36.75476 0 0 0 0 0 0 0 0 0 0 0 0 0 0 0
-36.74377 0 0 0 0 0 0 0 0 0 0 0 0 0 0 0
-36.74377 0 0 0 0 0 0 0 0 0 0 0 0 0 0 0
-36.73828 0 0 0 0 0 0 0 0 0 0 0 0 0 0 0
-36.74377 0 0 0 0 0 0 0 0 0 0 0 0 0 0 0
-36.74377 0 0 0 0 0 0 0 0 0 0 0 0 0 0 0
-36.74377 0 0 0 0 0 0 0 0 0 0 0 0 0 0 0
-36.73828 0 0 0 0 0 0 0 0 0 0 0 0 0 0 0
-36.7218 0 0 0 0 0 0 0 0 0 0 0 0 0 0 0
-36.7218 0 0 0 0 0 0 0 0 0 0 0 0 0 0 0
-36.69434 0 0 0 0 0 0 0 0 0 0 0 0 0 0 0
-36.69434 0 0 0 0 0 0 0 0 0 0 0 0 0 0 0
-36.69434 0 0 0 0 0 0 0 0 0 0 0 0 0 0 0
-36.66138 0 0 0 0 0 0 0 0 0 0 0 0 0 0 0
-36.66138 0 0 0 0 0 0 0 0 0 0 0 0 0 0 0
-36.66138 0 0 0 0 0 0 0 0 0 0 0 0 0 0 0
-36.66138 0 0 0 0 0 0 0 0 0 0 0 0 0 0 0
-36.66138 0 0 0 0 0 0 0 0 0 0 0 0 0 0 0
-36.66138 0 0 0 0 0 0 0 0 0 0 0 0 0 0 0
-36.66138 0 0 0 0 0 0 0 0 0 0 0 0 0 0 0
-36.66138 0 0 0 0 0 0 0 0 0 0 0 0 0 0 0
-36.66138 0 0 0 0 0 0 0 0 0 0 0 0 0 0 0
-36.66138 0 0 0 0 0 0 0 0 0 0 0 0 0 0 0
-36.66138 0 0 0 0 0 0 0 0 0 0 0 0 0 0 0
-36.66687 0 0 0 0 0 0 0 0 0 0 0 0 0 0 0
-36.66687 0 0 0 0 0 0 0 0 0 0 0 0 0 0 0
-36.66687 0 0 0 0 0 0 0 0 0 0 0 0 0 0 0
-36.66687 0 0 0 0 0 0 0 0 0 0 0 0 0 0 0
-36.66687 0 0 0 0 0 0 0 0 0 0 0 0 0 0 0
-36.66687 0 0 0 0 0 0 0 0 0 0 0 0 0 0 0
-36.66687 0 0 0 0 0 0 0 0 0 0 0 0 0 0 0
-36.66687 0 0 0 0 0 0 0 0 0 0 0 0 0 0 0
-36.66687 0 0 0 0 0 0 0 0 0 0 0 0 0 0 0
-36.68884 0 0 0 0 0 0 0 0 0 0 0 0 0 0 0
-36.71082 0 0 0 0 0 0 0 0 0 0 0 0 0 0 0
-36.71082 0 0 0 0 0 0 0 0 0 0 0 0 0 0 0
-36.72729 0 0 0 0 0 0 0 0 0 0 0 0 0 0 0
-36.72729 0 0 0 0 0 0 0 0 0 0 0 0 0 0 0
-36.73828 0 0 0 0 0 0 0 0 0 0 0 0 0 0 0
-36.73828 0 0 0 0 0 0 0 0 0 0 0 0 0 0 0
-36.73828 0 0 0 0 0 0 0 0 0 0 0 0 0 0 0
-36.73828 0 0 0 0 0 0 0 0 0 0 0 0 0 0 0
-36.73828 0 0 0 0 0 0 0 0 0 0 0 0 0 0 0
-36.73828 0 0 0 0 0 0 0 0 0 0 0 0 0 0 0
-36.73828 0 0 0 0 0 0 0 0 0 0 0 0 0 0 0
-36.73828 0 0 0 0 0 0 0 0 0 0 0 0 0 0 0
-36.73828 0 0 0 0 0 0 0 0 0 0 0 0 0 0 0
-36.74377 0 0 0 0 0 0 0 0 0 0 0 0 0 0 0
-36.74377 0 0 0 0 0 0 0 0 0 0 0 0 0 0 0
-36.74377 0 0 0 0 0 0 0 0 0 0 0 0 0 0 0
-36.74927 0 0 0 0 0 0 0 0 0 0 0 0 0 0 0
-36.76575 0 0 0 0 0 0 0 0 0 0 0 0 0 0 0
-36.76575 0 0 0 0 0 0 0 0 0 0 0 0 0 0 0
-36.77673 0 0 0 0 0 0 0 0 0 0 0 0 0 0 0
-36.77673 0 0 0 0 0 0 0 0 0 0 0 0 0 0 0
-36.78223 0 0 0 0 0 0 0 0 0 0 0 0 0 0 0
-36.78223 0 0 0 0 0 0 0 0 0 0 0 0 0 0 0
-36.78223 0 0 0 0 0 0 0 0 0 0 0 0 0 0 0
-36.78223 0 0 0 0 0 0 0 0 0 0 0 0 0 0 0
-36.78223 0 0 0 0 0 0 0 0 0 0 0 0 0 0 0
-36.78223 0 0 0 0 0 0 0 0 0 0 0 0 0 0 0
-36.78223 0 0 0 0 0 0 0 0 0 0 0 0 0 0 0
-36.79321 0 0 0 0 0 0 0 0 0 0 0 0 0 0 0
-36.8042 0 0 0 0 0 0 0 0 0 0 0 0 0 0 0
-36.8042 0 0 0 0 0 0 0 0 0 0 0 0 0 0 0
-36.81519 0 0 0 0 0 0 0 0 0 0 0 0 0 0 0
-36.81519 0 0 0 0 0 0 0 0 0 0 0 0 0 0 0
-36.82617 0 0 0 0 0 0 0 0 0 0 0 0 0 0 0
-36.83167 0 0 0 0 0 0 0 0 0 0 0 0 0 0 0
-36.83167 0 0 0 0 0 0 0 0 0 0 0 0 0 0 0
-36.82068 0 0 0 0 0 0 0 0 0 0 0 0 0 0 0
-36.82068 0 0 0 0 0 0 0 0 0 0 0 0 0 0 0
-36.80969 0 0 0 0 0 0 0 0 0 0 0 0 0 0 0
-36.80969 0 0 0 0 0 0 0 0 0 0 0 0 0 0 0
-36.8042 0 0 0 0 0 0 0 0 0 0 0 0 0 0 0
-36.8042 0 0 0 0 0 0 0 0 0 0 0 0 0 0 0
-36.79871 0 0 0 0 0 0 0 0 0 0 0 0 0 0 0
-36.79871 0 0 0 0 0 0 0 0 0 0 0 0 0 0 0
-36.79871 0 0 0 0 0 0 0 0 0 0 0 0 0 0 0
-36.8042 0 0 0 0 0 0 0 0 0 0 0 0 0 0 0
-36.82068 0 0 0 0 0 0 0 0 0 0 0 0 0 0 0
-36.83167 0 0 0 0 0 0 0 0 0 0 0 0 0 0 0
-36.83167 0 0 0 0 0 0 0 0 0 0 0 0 0 0 0
-36.84814 0 0 0 0 0 0 0 0 0 0 0 0 0 0 0
-36.84814 0 0 0 0 0 0 0 0 0 0 0 0 0 0 0
-36.84814 0 0 0 0 0 0 0 0 0 0 0 0 0 0 0
-36.83167 0 0 0 0 0 0 0 0 0 0 0 0 0 0 0
-36.83167 0 0 0 0 0 0 0 0 0 0 0 0 0 0 0
-36.82068 0 0 0 0 0 0 0 0 0 0 0 0 0 0 0
-36.80969 0 0 0 0 0 0 0 0 0 0 0 0 0 0 0
-36.80969 0 0 0 0 0 0 0 0 0 0 0 0 0 0 0
-36.80969 0 0 0 0 0 0 0 0 0 0 0 0 0 0 0
-36.80969 0 0 0 0 0 0 0 0 0 0 0 0 0 0 0
-36.80969 0 0 0 0 0 0 0 0 0 0 0 0 0 0 0
-36.80969 0 0 0 0 0 0 0 0 0 0 0 0 0 0 0
-36.79321 0 0 0 0 0 0 0 0 0 0 0 0 0 0 0
-36.79321 0 0 0 0 0 0 0 0 0 0 0 0 0 0 0
-36.77673 0 0 0 0 0 0 0 0 0 0 0 0 0 0 0
-36.77673 0 0 0 0 0 0 0 0 0 0 0 0 0 0 0
-36.77673 0 0 0 0 0 0 0 0 0 0 0 0 0 0 0
-36.77673 0 0 0 0 0 0 0 0 0 0 0 0 0 0 0
-36.77673 0 0 0 0 0 0 0 0 0 0 0 0 0 0 0
-36.77673 0 0 0 0 0 0 0 0 0 0 0 0 0 0 0
-36.77673 0 0 0 0 0 0 0 0 0 0 0 0 0 0 0
-36.77673 0 0 0 0 0 0 0 0 0 0 0 0 0 0 0
-36.76025 0 0 0 0 0 0 0 0 0 0 0 0 0 0 0
-36.73828 0 0 0 0 0 0 0 0 0 0 0 0 0 0 0
-36.73828 0 0 0 0 0 0 0 0 0 0 0 0 0 0 0
-36.71631 0 0 0 0 0 0 0 0 0 0 0 0 0 0 0
-36.71631 0 0 0 0 0 0 0 0 0 0 0 0 0 0 0
-36.70532 0 0 0 0 0 0 0 0 0 0 0 0 0 0 0
-36.70532 0 0 0 0 0 0 0 0 0 0 0 0 0 0 0
-36.70532 0 0 0 0 0 0 0 0 0 0 0 0 0 0 0
-36.70532 0 0 0 0 0 0 0 0 0 0 0 0 0 0 0
-36.71631 0 0 0 0 0 0 0 0 0 0 0 0 0 0 0
-36.72729 0 0 0 0 0 0 0 0 0 0 0 0 0 0 0
-36.72729 0 0 0 0 0 0 0 0 0 0 0 0 0 0 0
-36.73828 0 0 0 0 0 0 0 0 0 0 0 0 0 0 0
-36.74927 0 0 0 0 0 0 0 0 0 0 0 0 0 0 0
-36.76025 0 0 0 0 0 0 0 0 0 0 0 0 0 0 0
-36.76025 0 0 0 0 0 0 0 0 0 0 0 0 0 0 0
-36.76575 0 0 0 0 0 0 0 0 0 0 0 0 0 0 0
-36.76575 0 0 0 0 0 0 0 0 0 0 0 0 0 0 0
-36.76025 0 0 0 0 0 0 0 0 0 0 0 0 0 0 0
-36.76025 0 0 0 0 0 0 0 0 0 0 0 0 0 0 0
-36.76025 0 0 0 0 0 0 0 0 0 0 0 0 0 0 0
-36.75476 0 0 0 0 0 0 0 0 0 0 0 0 0 0 0
-36.74927 0 0 0 0 0 0 0 0 0 0 0 0 0 0 0
-36.74927 0 0 0 0 0 0 0 0 0 0 0 0 0 0 0
-36.74927 0 0 0 0 0 0 0 0 0 0 0 0 0 0 0
-36.74927 0 0 0 0 0 0 0 0 0 0 0 0 0 0 0
-36.74377 0 0 0 0 0 0 0 0 0 0 0 0 0 0 0
-36.71631 0 0 0 0 0 0 0 0 0 0 0 0 0 0 0
-36.71631 0 0 0 0 0 0 0 0 0 0 0 0 0 0 0
-36.69434 0 0 0 0 0 0 0 0 0 0 0 0 0 0 0
-36.67786 0 0 0 0 0 0 0 0 0 0 0 0 0 0 0
-36.67786 0 0 0 0 0 0 0 0 0 0 0 0 0 0 0
-36.67786 0 0 0 0 0 0 0 0 0 0 0 0 0 0 0
-36.68335 0 0 0 0 0 0 0 0 0 0 0 0 0 0 0
-36.69434 0 0 0 0 0 0 0 0 0 0 0 0 0 0 0
-36.69434 0 0 0 0 0 0 0 0 0 0 0 0 0 0 0
-36.71082 0 0 0 0 0 0 0 0 0 0 0 0 0 0 0
-36.71082 0 0 0 0 0 0 0 0 0 0 0 0 0 0 0
-36.7218 0 0 0 0 0 0 0 0 0 0 0 0 0 0 0
-36.72729 0 0 0 0 0 0 0 0 0 0 0 0 0 0 0
-36.72729 0 0 0 0 0 0 0 0 0 0 0 0 0 0 0
-36.71631 0 0 0 0 0 0 0 0 0 0 0 0 0 0 0
-36.71631 0 0 0 0 0 0 0 0 0 0 0 0 0 0 0
-36.69434 0 0 0 0 0 0 0 0 0 0 0 0 0 0 0
-36.69434 0 0 0 0 0 0 0 0 0 0 0 0 0 0 0
-36.62842 0 0 0 0 0 0 0 0 0 0 0 0 0 0 0
-36.62842 0 0 0 0 0 0 0 0 0 0 0 0 0 0 0
-36.57898 0 0 0 0 0 0 0 0 0 0 0 0 0 0 0
-36.54602 0 0 0 0 0 0 0 0 0 0 0 0 0 0 0
-36.54602 0 0 0 0 0 0 0 0 0 0 0 0 0 0 0
-36.53503 0 0 0 0 0 0 0 0 0 0 0 0 0 0 0
-36.52954 0 0 0 0 0 0 0 0 0 0 0 0 0 0 0
-36.54602 0 0 0 0 0 0 0 0 0 0 0 0 0 0 0
-36.54602 0 0 0 0 0 0 0 0 0 0 0 0 0 0 0
-36.57898 0 0 0 0 0 0 0 0 0 0 0 0 0 0 0
-36.57898 0 0 0 0 0 0 0 0 0 0 0 0 0 0 0
-36.61743 0 0 0 0 0 0 0 0 0 0 0 0 0 0 0
-36.61743 0 0 0 0 0 0 0 0 0 0 0 0 0 0 0
-36.61743 0 0 0 0 0 0 0 0 0 0 0 0 0 0 0
-36.66138 0 0 0 0 0 0 0 0 0 0 0 0 0 0 0
-36.65588 0 0 0 0 0 0 0 0 0 0 0 0 0 0 0
-36.65588 0 0 0 0 0 0 0 0 0 0 0 0 0 0 0
-36.6394 0 0 0 0 0 0 0 0 0 0 0 0 0 0 0
-36.6394 0 0 0 0 0 0 0 0 0 0 0 0 0 0 0
-36.62292 0 0 0 0 0 0 0 0 0 0 0 0 0 0 0
-36.61194 0 0 0 0 0 0 0 0 0 0 0 0 0 0 0
-36.61194 0 0 0 0 0 0 0 0 0 0 0 0 0 0 0
-36.61743 0 0 0 0 0 0 0 0 0 0 0 0 0 0 0
-36.6394 0 0 0 0 0 0 0 0 0 0 0 0 0 0 0
-36.65039 0 0 0 0 0 0 0 0 0 0 0 0 0 0 0
-36.65039 0 0 0 0 0 0 0 0 0 0 0 0 0 0 0
-36.65039 0 0 0 0 0 0 0 0 0 0 0 0 0 0 0
-36.69983 0 0 0 0 0 0 0 0 0 0 0 0 0 0 0
-36.73828 0 0 0 0 0 0 0 0 0 0 0 0 0 0 0
-36.73828 0 0 0 0 0 0 0 0 0 0 0 0 0 0 0
-36.76025 0 0 0 0 0 0 0 0 0 0 0 0 0 0 0
-36.76025 0 0 0 0 0 0 0 0 0 0 0 0 0 0 0
-36.76575 0 0 0 0 0 0 0 0 0 0 0 0 0 0 0
-36.76575 0 0 0 0 0 0 0 0 0 0 0 0 0 0 0
-36.75476 0 0 0 0 0 0 0 0 0 0 0 0 0 0 0
-36.75476 0 0 0 0 0 0 0 0 0 0 0 0 0 0 0
-36.74927 0 0 0 0 0 0 0 0 0 0 0 0 0 0 0
-36.74927 0 0 0 0 0 0 0 0 0 0 0 0 0 0 0
-36.74377 0 0 0 0 0 0 0 0 0 0 0 0 0 0 0
-36.74377 0 0 0 0 0 0 0 0 0 0 0 0 0 0 0
-36.73279 0 0 0 0 0 0 0 0 0 0 0 0 0 0 0
-36.70532 0 0 0 0 0 0 0 0 0 0 0 0 0 0 0
-36.70532 0 0 0 0 0 0 0 0 0 0 0 0 0 0 0
-36.67786 0 0 0 0 0 0 0 0 0 0 0 0 0 0 0
-36.6449 0 0 0 0 0 0 0 0 0 0 0 0 0 0 0
-36.6449 0 0 0 0 0 0 0 0 0 0 0 0 0 0 0
-36.62292 0 0 0 0 0 0 0 0 0 0 0 0 0 0 0
-36.62292 0 0 0 0 0 0 0 0 0 0 0 0 0 0 0
-36.62292 0 0 0 0 0 0 0 0 0 0 0 0 0 0 0
-36.61194 0 0 0 0 0 0 0 0 0 0 0 0 0 0 0
-36.61194 0 0 0 0 0 0 0 0 0 0 0 0 0 0 0
-36.61194 0 0 0 0 0 0 0 0 0 0 0 0 0 0 0
-36.61194 0 0 0 0 0 0 0 0 0 0 0 0 0 0 0
-36.59546 0 0 0 0 0 0 0 0 0 0 0 0 0 0 0
-36.59546 0 0 0 0 0 0 0 0 0 0 0 0 0 0 0
-36.58447 0 0 0 0 0 0 0 0 0 0 0 0 0 0 0
-36.58447 0 0 0 0 0 0 0 0 0 0 0 0 0 0 0
-36.58997 0 0 0 0 0 0 0 0 0 0 0 0 0 0 0
-36.60645 0 0 0 0 0 0 0 0 0 0 0 0 0 0 0
-36.60645 0 0 0 0 0 0 0 0 0 0 0 0 0 0 0
-36.62292 0 0 0 0 0 0 0 0 0 0 0 0 0 0 0
-36.65039 0 0 0 0 0 0 0 0 0 0 0 0 0 0 0
-36.66687 0 0 0 0 0 0 0 0 0 0 0 0 0 0 0
-36.66687 0 0 0 0 0 0 0 0 0 0 0 0 0 0 0
-36.69434 0 0 0 0 0 0 0 0 0 0 0 0 0 0 0
-36.69434 0 0 0 0 0 0 0 0 0 0 0 0 0 0 0
-36.71082 0 0 0 0 0 0 0 0 0 0 0 0 0 0 0
-36.71082 0 0 0 0 0 0 0 0 0 0 0 0 0 0 0
-36.71082 0 0 0 0 0 0 0 0 0 0 0 0 0 0 0
-36.68884 0 0 0 0 0 0 0 0 0 0 0 0 0 0 0
-36.66687 0 0 0 0 0 0 0 0 0 0 0 0 0 0 0
-36.66687 0 0 0 0 0 0 0 0 0 0 0 0 0 0 0
-36.65588 0 0 0 0 0 0 0 0 0 0 0 0 0 0 0
-36.65588 0 0 0 0 0 0 0 0 0 0 0 0 0 0 0
-36.65039 0 0 0 0 0 0 0 0 0 0 0 0 0 0 0
-36.6394 0 0 0 0 0 0 0 0 0 0 0 0 0 0 0
-36.6394 0 0 0 0 0 0 0 0 0 0 0 0 0 0 0
-36.62842 0 0 0 0 0 0 0 0 0 0 0 0 0 0 0
-36.61743 0 0 0 0 0 0 0 0 0 0 0 0 0 0 0
-36.60645 0 0 0 0 0 0 0 0 0 0 0 0 0 0 0
-36.60645 0 0 0 0 0 0 0 0 0 0 0 0 0 0 0
-36.58997 0 0 0 0 0 0 0 0 0 0 0 0 0 0 0
-36.58997 0 0 0 0 0 0 0 0 0 0 0 0 0 0 0
-36.58447 0 0 0 0 0 0 0 0 0 0 0 0 0 0 0
-36.58997 0 0 0 0 0 0 0 0 0 0 0 0 0 0 0
-36.58997 0 0 0 0 0 0 0 0 0 0 0 0 0 0 0
-36.58447 0 0 0 0 0 0 0 0 0 0 0 0 0 0 0
-36.56799 0 0 0 0 0 0 0 0 0 0 0 0 0 0 0
-36.56799 0 0 0 0 0 0 0 0 0 0 0 0 0 0 0
-36.55151 0 0 0 0 0 0 0 0 0 0 0 0 0 0 0
-36.55151 0 0 0 0 0 0 0 0 0 0 0 0 0 0 0
-36.54053 0 0 0 0 0 0 0 0 0 0 0 0 0 0 0
-36.54053 0 0 0 0 0 0 0 0 0 0 0 0 0 0 0
-36.52954 0 0 0 0 0 0 0 0 0 0 0 0 0 0 0
-36.52954 0 0 0 0 0 0 0 0 0 0 0 0 0 0 0
-36.53503 0 0 0 0 0 0 0 0 0 0 0 0 0 0 0
-36.55151 0 0 0 0 0 0 0 0 0 0 0 0 0 0 0
-36.55151 0 0 0 0 0 0 0 0 0 0 0 0 0 0 0
-36.5625 0 0 0 0 0 0 0 0 0 0 0 0 0 0 0
-36.56799 0 0 0 0 0 0 0 0 0 0 0 0 0 0 0
-36.56799 0 0 0 0 0 0 0 0 0 0 0 0 0 0 0
-36.56799 0 0 0 0 0 0 0 0 0 0 0 0 0 0 0
-36.57349 0 0 0 0 0 0 0 0 0 0 0 0 0 0 0
-36.57349 0 0 0 0 0 0 0 0 0 0 0 0 0 0 0
-36.57349 0 0 0 0 0 0 0 0 0 0 0 0 0 0 0
-36.57349 0 0 0 0 0 0 0 0 0 0 0 0 0 0 0
-36.57349 0 0 0 0 0 0 0 0 0 0 0 0 0 0 0
-36.57898 0 0 0 0 0 0 0 0 0 0 0 0 0 0 0
-36.58997 0 0 0 0 0 0 0 0 0 0 0 0 0 0 0
-36.58997 0 0 0 0 0 0 0 0 0 0 0 0 0 0 0
-36.58997 0 0 0 0 0 0 0 0 0 0 0 0 0 0 0
-36.58997 0 0 0 0 0 0 0 0 0 0 0 0 0 0 0
-36.58447 0 0 0 0 0 0 0 0 0 0 0 0 0 0 0
-36.57349 0 0 0 0 0 0 0 0 0 0 0 0 0 0 0
-36.57349 0 0 0 0 0 0 0 0 0 0 0 0 0 0 0
-36.55701 0 0 0 0 0 0 0 0 0 0 0 0 0 0 0
-36.54602 0 0 0 0 0 0 0 0 0 0 0 0 0 0 0
-36.53503 0 0 0 0 0 0 0 0 0 0 0 0 0 0 0
-36.53503 0 0 0 0 0 0 0 0 0 0 0 0 0 0 0
-36.52405 0 0 0 0 0 0 0 0 0 0 0 0 0 0 0
-36.52405 0 0 0 0 0 0 0 0 0 0 0 0 0 0 0
-36.51306 0 0 0 0 0 0 0 0 0 0 0 0 0 0 0
-36.51306 0 0 0 0 0 0 0 0 0 0 0 0 0 0 0
-36.51306 0 0 0 0 0 0 0 0 0 0 0 0 0 0 0
-36.54053 0 0 0 0 0 0 0 0 0 0 0 0 0 0 0
-36.56799 0 0 0 0 0 0 0 0 0 0 0 0 0 0 0
-36.56799 0 0 0 0 0 0 0 0 0 0 0 0 0 0 0
-36.59546 0 0 0 0 0 0 0 0 0 0 0 0 0 0 0
-36.59546 0 0 0 0 0 0 0 0 0 0 0 0 0 0 0
-36.61743 0 0 0 0 0 0 0 0 0 0 0 0 0 0 0
-36.6394 0 0 0 0 0 0 0 0 0 0 0 0 0 0 0
-36.6394 0 0 0 0 0 0 0 0 0 0 0 0 0 0 0
-36.65039 0 0 0 0 0 0 0 0 0 0 0 0 0 0 0
-36.65588 0 0 0 0 0 0 0 0 0 0 0 0 0 0 0
-36.65039 0 0 0 0 0 0 0 0 0 0 0 0 0 0 0
-36.65039 0 0 0 0 0 0 0 0 0 0 0 0 0 0 0
-36.6394 0 0 0 0 0 0 0 0 0 0 0 0 0 0 0
-36.62842 0 0 0 0 0 0 0 0 0 0 0 0 0 0 0
-36.62842 0 0 0 0 0 0 0 0 0 0 0 0 0 0 0
-36.61743 0 0 0 0 0 0 0 0 0 0 0 0 0 0 0
-36.61743 0 0 0 0 0 0 0 0 0 0 0 0 0 0 0
-36.60645 0 0 0 0 0 0 0 0 0 0 0 0 0 0 0
-36.59546 0 0 0 0 0 0 0 0 0 0 0 0 0 0 0
-36.59546 0 0 0 0 0 0 0 0 0 0 0 0 0 0 0
-36.60095 0 0 0 0 0 0 0 0 0 0 0 0 0 0 0
-36.60095 0 0 0 0 0 0 0 0 0 0 0 0 0 0 0
-36.60645 0 0 0 0 0 0 0 0 0 0 0 0 0 0 0
-36.60645 0 0 0 0 0 0 0 0 0 0 0 0 0 0 0
-36.60645 0 0 0 0 0 0 0 0 0 0 0 0 0 0 0
-36.60645 0 0 0 0 0 0 0 0 0 0 0 0 0 0 0
-36.60095 0 0 0 0 0 0 0 0 0 0 0 0 0 0 0
-36.59546 0 0 0 0 0 0 0 0 0 0 0 0 0 0 0
-36.59546 0 0 0 0 0 0 0 0 0 0 0 0 0 0 0
-36.58997 0 0 0 0 0 0 0 0 0 0 0 0 0 0 0
-36.59546 0 0 0 0 0 0 0 0 0 0 0 0 0 0 0
-36.60645 0 0 0 0 0 0 0 0 0 0 0 0 0 0 0
-36.60645 0 0 0 0 0 0 0 0 0 0 0 0 0 0 0
-36.63391 0 0 0 0 0 0 0 0 0 0 0 0 0 0 0
-36.63391 0 0 0 0 0 0 0 0 0 0 0 0 0 0 0
-36.66138 0 0 0 0 0 0 0 0 0 0 0 0 0 0 0
-36.66138 0 0 0 0 0 0 0 0 0 0 0 0 0 0 0
-36.66138 0 0 0 0 0 0 0 0 0 0 0 0 0 0 0
-36.68884 0 0 0 0 0 0 0 0 0 0 0 0 0 0 0
-36.67786 0 0 0 0 0 0 0 0 0 0 0 0 0 0 0
-36.67786 0 0 0 0 0 0 0 0 0 0 0 0 0 0 0
-36.67236 0 0 0 0 0 0 0 0 0 0 0 0 0 0 0
-36.67236 0 0 0 0 0 0 0 0 0 0 0 0 0 0 0
-36.67786 0 0 0 0 0 0 0 0 0 0 0 0 0 0 0
-36.69983 0 0 0 0 0 0 0 0 0 0 0 0 0 0 0
-36.69983 0 0 0 0 0 0 0 0 0 0 0 0 0 0 0
-36.7218 0 0 0 0 0 0 0 0 0 0 0 0 0 0 0
-36.73828 0 0 0 0 0 0 0 0 0 0 0 0 0 0 0
-36.74377 0 0 0 0 0 0 0 0 0 0 0 0 0 0 0
-36.74377 0 0 0 0 0 0 0 0 0 0 0 0 0 0 0
-36.75476 0 0 0 0 0 0 0 0 0 0 0 0 0 0 0
-36.76025 0 0 0 0 0 0 0 0 0 0 0 0 0 0 0
-36.76025 0 0 0 0 0 0 0 0 0 0 0 0 0 0 0
-36.76025 0 0 0 0 0 0 0 0 0 0 0 0 0 0 0
-36.76025 0 0 0 0 0 0 0 0 0 0 0 0 0 0 0
-36.74927 0 0 0 0 0 0 0 0 0 0 0 0 0 0 0
-36.72729 0 0 0 0 0 0 0 0 0 0 0 0 0 0 0
-36.72729 0 0 0 0 0 0 0 0 0 0 0 0 0 0 0
-36.71082 0 0 0 0 0 0 0 0 0 0 0 0 0 0 0
-36.71082 0 0 0 0 0 0 0 0 0 0 0 0 0 0 0
-36.70532 0 0 0 0 0 0 0 0 0 0 0 0 0 0 0
-36.70532 0 0 0 0 0 0 0 0 0 0 0 0 0 0 0
-36.70532 0 0 0 0 0 0 0 0 0 0 0 0 0 0 0
-36.71082 0 0 0 0 0 0 0 0 0 0 0 0 0 0 0
-36.71082 0 0 0 0 0 0 0 0 0 0 0 0 0 0 0
-36.73828 0 0 0 0 0 0 0 0 0 0 0 0 0 0 0
-36.73828 0 0 0 0 0 0 0 0 0 0 0 0 0 0 0
-36.74927 0 0 0 0 0 0 0 0 0 0 0 0 0 0 0
-36.74377 0 0 0 0 0 0 0 0 0 0 0 0 0 0 0
-36.74377 0 0 0 0 0 0 0 0 0 0 0 0 0 0 0
-36.7218 0 0 0 0 0 0 0 0 0 0 0 0 0 0 0
-36.7218 0 0 0 0 0 0 0 0 0 0 0 0 0 0 0
-36.69434 0 0 0 0 0 0 0 0 0 0 0 0 0 0 0
-36.66687 0 0 0 0 0 0 0 0 0 0 0 0 0 0 0
-36.66687 0 0 0 0 0 0 0 0 0 0 0 0 0 0 0
-36.65039 0 0 0 0 0 0 0 0 0 0 0 0 0 0 0
-36.65039 0 0 0 0 0 0 0 0 0 0 0 0 0 0 0
-36.6449 0 0 0 0 0 0 0 0 0 0 0 0 0 0 0
-36.6449 0 0 0 0 0 0 0 0 0 0 0 0 0 0 0
-36.65588 0 0 0 0 0 0 0 0 0 0 0 0 0 0 0
-36.65588 0 0 0 0 0 0 0 0 0 0 0 0 0 0 0
-36.66138 0 0 0 0 0 0 0 0 0 0 0 0 0 0 0
-36.66138 0 0 0 0 0 0 0 0 0 0 0 0 0 0 0
-36.66138 0 0 0 0 0 0 0 0 0 0 0 0 0 0 0
-36.65588 0 0 0 0 0 0 0 0 0 0 0 0 0 0 0
-36.6449 0 0 0 0 0 0 0 0 0 0 0 0 0 0 0
-36.6449 0 0 0 0 0 0 0 0 0 0 0 0 0 0 0
-36.6449 0 0 0 0 0 0 0 0 0 0 0 0 0 0 0
-36.63391 0 0 0 0 0 0 0 0 0 0 0 0 0 0 0
-36.63391 0 0 0 0 0 0 0 0 0 0 0 0 0 0 0
-36.62842 0 0 0 0 0 0 0 0 0 0 0 0 0 0 0
-36.62842 0 0 0 0 0 0 0 0 0 0 0 0 0 0 0
-36.62842 0 0 0 0 0 0 0 0 0 0 0 0 0 0 0
-36.66138 0 0 0 0 0 0 0 0 0 0 0 0 0 0 0
-36.69434 0 0 0 0 0 0 0 0 0 0 0 0 0 0 0
-36.69434 0 0 0 0 0 0 0 0 0 0 0 0 0 0 0
-36.7218 0 0 0 0 0 0 0 0 0 0 0 0 0 0 0
-36.7218 0 0 0 0 0 0 0 0 0 0 0 0 0 0 0
-36.73828 0 0 0 0 0 0 0 0 0 0 0 0 0 0 0
-36.73828 0 0 0 0 0 0 0 0 0 0 0 0 0 0 0
-36.74927 0 0 0 0 0 0 0 0 0 0 0 0 0 0 0
-36.74927 0 0 0 0 0 0 0 0 0 0 0 0 0 0 0
-36.75476 0 0 0 0 0 0 0 0 0 0 0 0 0 0 0
-36.76025 0 0 0 0 0 0 0 0 0 0 0 0 0 0 0
-36.76025 0 0 0 0 0 0 0 0 0 0 0 0 0 0 0
-36.76575 0 0 0 0 0 0 0 0 0 0 0 0 0 0 0
-36.76575 0 0 0 0 0 0 0 0 0 0 0 0 0 0 0
-36.76575 0 0 0 0 0 0 0 0 0 0 0 0 0 0 0
-36.76575 0 0 0 0 0 0 0 0 0 0 0 0 0 0 0
-36.78772 0 0 0 0 0 0 0 0 0 0 0 0 0 0 0
-36.78772 0 0 0 0 0 0 0 0 0 0 0 0 0 0 0
-36.8042 0 0 0 0 0 0 0 0 0 0 0 0 0 0 0
-36.8042 0 0 0 0 0 0 0 0 0 0 0 0 0 0 0
-36.8042 0 0 0 0 0 0 0 0 0 0 0 0 0 0 0
-36.84814 0 0 0 0 0 0 0 0 0 0 0 0 0 0 0
-36.8866 0 0 0 0 0 0 0 0 0 0 0 0 0 0 0
-36.8866 0 0 0 0 0 0 0 0 0 0 0 0 0 0 0
-36.90308 0 0 0 0 0 0 0 0 0 0 0 0 0 0 0
-36.90308 0 0 0 0 0 0 0 0 0 0 0 0 0 0 0
-36.89758 0 0 0 0 0 0 0 0 0 0 0 0 0 0 0
-36.87561 0 0 0 0 0 0 0 0 0 0 0 0 0 0 0
-36.87561 0 0 0 0 0 0 0 0 0 0 0 0 0 0 0
-36.85364 0 0 0 0 0 0 0 0 0 0 0 0 0 0 0
-36.84265 0 0 0 0 0 0 0 0 0 0 0 0 0 0 0
-36.83716 0 0 0 0 0 0 0 0 0 0 0 0 0 0 0
-36.83716 0 0 0 0 0 0 0 0 0 0 0 0 0 0 0
-36.83167 0 0 0 0 0 0 0 0 0 0 0 0 0 0 0
-36.83167 0 0 0 0 0 0 0 0 0 0 0 0 0 0 0
-36.83716 0 0 0 0 0 0 0 0 0 0 0 0 0 0 0
-36.83716 0 0 0 0 0 0 0 0 0 0 0 0 0 0 0
-36.83716 0 0 0 0 0 0 0 0 0 0 0 0 0 0 0
-36.89758 0 0 0 0 0 0 0 0 0 0 0 0 0 0 0
-36.92505 0 0 0 0 0 0 0 0 0 0 0 0 0 0 0
-36.92505 0 0 0 0 0 0 0 0 0 0 0 0 0 0 0
-36.91956 0 0 0 0 0 0 0 0 0 0 0 0 0 0 0
-36.91956 0 0 0 0 0 0 0 0 0 0 0 0 0 0 0
-36.89758 0 0 0 0 0 0 0 0 0 0 0 0 0 0 0
-36.87561 0 0 0 0 0 0 0 0 0 0 0 0 0 0 0
-36.87561 0 0 0 0 0 0 0 0 0 0 0 0 0 0 0
-36.85913 0 0 0 0 0 0 0 0 0 0 0 0 0 0 0
-36.84814 0 0 0 0 0 0 0 0 0 0 0 0 0 0 0
-36.84814 0 0 0 0 0 0 0 0 0 0 0 0 0 0 0
-36.84814 0 0 0 0 0 0 0 0 0 0 0 0 0 0 0
-36.85364 0 0 0 0 0 0 0 0 0 0 0 0 0 0 0
-36.85913 0 0 0 0 0 0 0 0 0 0 0 0 0 0 0
-36.85913 0 0 0 0 0 0 0 0 0 0 0 0 0 0 0
-36.87012 0 0 0 0 0 0 0 0 0 0 0 0 0 0 0
-36.87012 0 0 0 0 0 0 0 0 0 0 0 0 0 0 0
-36.8811 0 0 0 0 0 0 0 0 0 0 0 0 0 0 0
-36.8866 0 0 0 0 0 0 0 0 0 0 0 0 0 0 0
-36.8866 0 0 0 0 0 0 0 0 0 0 0 0 0 0 0
-36.8866 0 0 0 0 0 0 0 0 0 0 0 0 0 0 0
-36.8866 0 0 0 0 0 0 0 0 0 0 0 0 0 0 0
-36.8866 0 0 0 0 0 0 0 0 0 0 0 0 0 0 0
-36.8866 0 0 0 0 0 0 0 0 0 0 0 0 0 0 0
-36.87012 0 0 0 0 0 0 0 0 0 0 0 0 0 0 0
-36.87012 0 0 0 0 0 0 0 0 0 0 0 0 0 0 0
-36.86462 0 0 0 0 0 0 0 0 0 0 0 0 0 0 0
-36.86462 0 0 0 0 0 0 0 0 0 0 0 0 0 0 0
-36.86462 0 0 0 0 0 0 0 0 0 0 0 0 0 0 0
-36.86462 0 0 0 0 0 0 0 0 0 0 0 0 0 0 0
-36.87012 0 0 0 0 0 0 0 0 0 0 0 0 0 0 0
-36.87012 0 0 0 0 0 0 0 0 0 0 0 0 0 0 0
-36.87012 0 0 0 0 0 0 0 0 0 0 0 0 0 0 0
-36.85913 0 0 0 0 0 0 0 0 0 0 0 0 0 0 0
-36.85913 0 0 0 0 0 0 0 0 0 0 0 0 0 0 0
-36.85364 0 0 0 0 0 0 0 0 0 0 0 0 0 0 0
-36.85364 0 0 0 0 0 0 0 0 0 0 0 0 0 0 0
-36.84265 0 0 0 0 0 0 0 0 0 0 0 0 0 0 0
-36.84265 0 0 0 0 0 0 0 0 0 0 0 0 0 0 0
-36.83716 0 0 0 0 0 0 0 0 0 0 0 0 0 0 0
-36.83716 0 0 0 0 0 0 0 0 0 0 0 0 0 0 0
-36.83716 0 0 0 0 0 0 0 0 0 0 0 0 0 0 0
-36.83716 0 0 0 0 0 0 0 0 0 0 0 0 0 0 0
-36.84265 0 0 0 0 0 0 0 0 0 0 0 0 0 0 0
-36.83716 0 0 0 0 0 0 0 0 0 0 0 0 0 0 0
-36.83716 0 0 0 0 0 0 0 0 0 0 0 0 0 0 0
-36.83716 0 0 0 0 0 0 0 0 0 0 0 0 0 0 0
-36.84814 0 0 0 0 0 0 0 0 0 0 0 0 0 0 0
-36.85364 0 0 0 0 0 0 0 0 0 0 0 0 0 0 0
-36.85364 0 0 0 0 0 0 0 0 0 0 0 0 0 0 0
-36.85364 0 0 0 0 0 0 0 0 0 0 0 0 0 0 0
-36.84814 0 0 0 0 0 0 0 0 0 0 0 0 0 0 0
-36.84814 0 0 0 0 0 0 0 0 0 0 0 0 0 0 0
-36.84265 0 0 0 0 0 0 0 0 0 0 0 0 0 0 0
-36.84265 0 0 0 0 0 0 0 0 0 0 0 0 0 0 0
-36.84814 0 0 0 0 0 0 0 0 0 0 0 0 0 0 0
-36.84814 0 0 0 0 0 0 0 0 0 0 0 0 0 0 0
-36.84814 0 0 0 0 0 0 0 0 0 0 0 0 0 0 0
-36.87012 0 0 0 0 0 0 0 0 0 0 0 0 0 0 0
-36.87012 0 0 0 0 0 0 0 0 0 0 0 0 0 0 0
-36.86462 0 0 0 0 0 0 0 0 0 0 0 0 0 0 0
-36.86462 0 0 0 0 0 0 0 0 0 0 0 0 0 0 0
-36.84814 0 0 0 0 0 0 0 0 0 0 0 0 0 0 0
-36.84814 0 0 0 0 0 0 0 0 0 0 0 0 0 0 0
-36.83716 0 0 0 0 0 0 0 0 0 0 0 0 0 0 0
-36.83167 0 0 0 0 0 0 0 0 0 0 0 0 0 0 0
-36.83167 0 0 0 0 0 0 0 0 0 0 0 0 0 0 0
-36.83167 0 0 0 0 0 0 0 0 0 0 0 0 0 0 0
-36.83716 0 0 0 0 0 0 0 0 0 0 0 0 0 0 0
-36.84265 0 0 0 0 0 0 0 0 0 0 0 0 0 0 0
-36.84265 0 0 0 0 0 0 0 0 0 0 0 0 0 0 0
-36.85913 0 0 0 0 0 0 0 0 0 0 0 0 0 0 0
-36.85913 0 0 0 0 0 0 0 0 0 0 0 0 0 0 0
-36.87012 0 0 0 0 0 0 0 0 0 0 0 0 0 0 0
-36.87012 0 0 0 0 0 0 0 0 0 0 0 0 0 0 0
-36.87012 0 0 0 0 0 0 0 0 0 0 0 0 0 0 0
-36.87012 0 0 0 0 0 0 0 0 0 0 0 0 0 0 0
-36.85913 0 0 0 0 0 0 0 0 0 0 0 0 0 0 0
-36.85913 0 0 0 0 0 0 0 0 0 0 0 0 0 0 0
-36.84814 0 0 0 0 0 0 0 0 0 0 0 0 0 0 0
-36.84814 0 0 0 0 0 0 0 0 0 0 0 0 0 0 0
-36.84265 0 0 0 0 0 0 0 0 0 0 0 0 0 0 0
-36.84814 0 0 0 0 0 0 0 0 0 0 0 0 0 0 0
-36.84814 0 0 0 0 0 0 0 0 0 0 0 0 0 0 0
-36.85364 0 0 0 0 0 0 0 0 0 0 0 0 0 0 0
-36.85364 0 0 0 0 0 0 0 0 0 0 0 0 0 0 0
-36.85364 0 0 0 0 0 0 0 0 0 0 0 0 0 0 0
-36.85364 0 0 0 0 0 0 0 0 0 0 0 0 0 0 0
-36.85913 0 0 0 0 0 0 0 0 0 0 0 0 0 0 0
-36.85913 0 0 0 0 0 0 0 0 0 0 0 0 0 0 0
-36.87012 0 0 0 0 0 0 0 0 0 0 0 0 0 0 0
-36.87561 0 0 0 0 0 0 0 0 0 0 0 0 0 0 0
-36.87561 0 0 0 0 0 0 0 0 0 0 0 0 0 0 0
-36.87012 0 0 0 0 0 0 0 0 0 0 0 0 0 0 0
-36.85364 0 0 0 0 0 0 0 0 0 0 0 0 0 0 0
-36.85364 0 0 0 0 0 0 0 0 0 0 0 0 0 0 0
-36.84265 0 0 0 0 0 0 0 0 0 0 0 0 0 0 0
-36.84265 0 0 0 0 0 0 0 0 0 0 0 0 0 0 0
-36.83716 0 0 0 0 0 0 0 0 0 0 0 0 0 0 0
-36.83716 0 0 0 0 0 0 0 0 0 0 0 0 0 0 0
-36.84814 0 0 0 0 0 0 0 0 0 0 0 0 0 0 0
-36.84814 0 0 0 0 0 0 0 0 0 0 0 0 0 0 0
-36.87012 0 0 0 0 0 0 0 0 0 0 0 0 0 0 0
-36.8811 0 0 0 0 0 0 0 0 0 0 0 0 0 0 0
-36.8811 0 0 0 0 0 0 0 0 0 0 0 0 0 0 0
-36.8811 0 0 0 0 0 0 0 0 0 0 0 0 0 0 0
-36.87561 0 0 0 0 0 0 0 0 0 0 0 0 0 0 0
-36.87561 0 0 0 0 0 0 0 0 0 0 0 0 0 0 0
-36.86462 0 0 0 0 0 0 0 0 0 0 0 0 0 0 0
-36.86462 0 0 0 0 0 0 0 0 0 0 0 0 0 0 0
-36.85913 0 0 0 0 0 0 0 0 0 0 0 0 0 0 0
-36.85913 0 0 0 0 0 0 0 0 0 0 0 0 0 0 0
-36.85913 0 0 0 0 0 0 0 0 0 0 0 0 0 0 0
-36.85913 0 0 0 0 0 0 0 0 0 0 0 0 0 0 0
-36.85913 0 0 0 0 0 0 0 0 0 0 0 0 0 0 0
-36.85913 0 0 0 0 0 0 0 0 0 0 0 0 0 0 0
-36.85913 0 0 0 0 0 0 0 0 0 0 0 0 0 0 0
-36.87012 0 0 0 0 0 0 0 0 0 0 0 0 0 0 0
-36.87012 0 0 0 0 0 0 0 0 0 0 0 0 0 0 0
-36.87012 0 0 0 0 0 0 0 0 0 0 0 0 0 0 0
-36.86462 0 0 0 0 0 0 0 0 0 0 0 0 0 0 0
-36.86462 0 0 0 0 0 0 0 0 0 0 0 0 0 0 0
-36.84265 0 0 0 0 0 0 0 0 0 0 0 0 0 0 0
-36.82617 0 0 0 0 0 0 0 0 0 0 0 0 0 0 0
-36.82068 0 0 0 0 0 0 0 0 0 0 0 0 0 0 0
-36.82068 0 0 0 0 0 0 0 0 0 0 0 0 0 0 0
-36.82617 0 0 0 0 0 0 0 0 0 0 0 0 0 0 0
-36.82617 0 0 0 0 0 0 0 0 0 0 0 0 0 0 0
-36.84265 0 0 0 0 0 0 0 0 0 0 0 0 0 0 0
-36.85913 0 0 0 0 0 0 0 0 0 0 0 0 0 0 0
-36.85913 0 0 0 0 0 0 0 0 0 0 0 0 0 0 0
-36.87012 0 0 0 0 0 0 0 0 0 0 0 0 0 0 0
-36.87561 0 0 0 0 0 0 0 0 0 0 0 0 0 0 0
-36.87561 0 0 0 0 0 0 0 0 0 0 0 0 0 0 0
-36.87561 0 0 0 0 0 0 0 0 0 0 0 0 0 0 0
-36.87561 0 0 0 0 0 0 0 0 0 0 0 0 0 0 0
-36.87012 0 0 0 0 0 0 0 0 0 0 0 0 0 0 0
-36.87012 0 0 0 0 0 0 0 0 0 0 0 0 0 0 0
-36.87012 0 0 0 0 0 0 0 0 0 0 0 0 0 0 0
-36.87012 0 0 0 0 0 0 0 0 0 0 0 0 0 0 0
-36.87012 0 0 0 0 0 0 0 0 0 0 0 0 0 0 0
-36.86462 0 0 0 0 0 0 0 0 0 0 0 0 0 0 0
-36.86462 0 0 0 0 0 0 0 0 0 0 0 0 0 0 0
-36.86462 0 0 0 0 0 0 0 0 0 0 0 0 0 0 0
-36.85913 0 0 0 0 0 0 0 0 0 0 0 0 0 0 0
-36.85913 0 0 0 0 0 0 0 0 0 0 0 0 0 0 0
-36.85913 0 0 0 0 0 0 0 0 0 0 0 0 0 0 0
-36.85913 0 0 0 0 0 0 0 0 0 0 0 0 0 0 0
-36.85913 0 0 0 0 0 0 0 0 0 0 0 0 0 0 0
-36.85364 0 0 0 0 0 0 0 0 0 0 0 0 0 0 0
-36.85364 0 0 0 0 0 0 0 0 0 0 0 0 0 0 0
-36.85364 0 0 0 0 0 0 0 0 0 0 0 0 0 0 0
-36.83716 0 0 0 0 0 0 0 0 0 0 0 0 0 0 0
-36.83167 0 0 0 0 0 0 0 0 0 0 0 0 0 0 0
-36.83167 0 0 0 0 0 0 0 0 0 0 0 0 0 0 0
-36.83716 0 0 0 0 0 0 0 0 0 0 0 0 0 0 0
-36.83716 0 0 0 0 0 0 0 0 0 0 0 0 0 0 0
-36.84814 0 0 0 0 0 0 0 0 0 0 0 0 0 0 0
-36.86462 0 0 0 0 0 0 0 0 0 0 0 0 0 0 0
-36.86462 0 0 0 0 0 0 0 0 0 0 0 0 0 0 0
-36.8811 0 0 0 0 0 0 0 0 0 0 0 0 0 0 0
-36.89758 0 0 0 0 0 0 0 0 0 0 0 0 0 0 0
-36.90308 0 0 0 0 0 0 0 0 0 0 0 0 0 0 0
-36.90308 0 0 0 0 0 0 0 0 0 0 0 0 0 0 0
-36.90857 0 0 0 0 0 0 0 0 0 0 0 0 0 0 0
-36.90857 0 0 0 0 0 0 0 0 0 0 0 0 0 0 0
-36.90857 0 0 0 0 0 0 0 0 0 0 0 0 0 0 0
-36.90857 0 0 0 0 0 0 0 0 0 0 0 0 0 0 0
-36.90857 0 0 0 0 0 0 0 0 0 0 0 0 0 0 0
-36.91406 0 0 0 0 0 0 0 0 0 0 0 0 0 0 0
-36.90857 0 0 0 0 0 0 0 0 0 0 0 0 0 0 0
-36.90857 0 0 0 0 0 0 0 0 0 0 0 0 0 0 0
-36.90308 0 0 0 0 0 0 0 0 0 0 0 0 0 0 0
-36.90308 0 0 0 0 0 0 0 0 0 0 0 0 0 0 0
-36.89209 0 0 0 0 0 0 0 0 0 0 0 0 0 0 0
-36.89209 0 0 0 0 0 0 0 0 0 0 0 0 0 0 0
-36.8866 0 0 0 0 0 0 0 0 0 0 0 0 0 0 0
-36.8866 0 0 0 0 0 0 0 0 0 0 0 0 0 0 0
-36.8866 0 0 0 0 0 0 0 0 0 0 0 0 0 0 0
-36.89209 0 0 0 0 0 0 0 0 0 0 0 0 0 0 0
-36.89209 0 0 0 0 0 0 0 0 0 0 0 0 0 0 0
-36.89758 0 0 0 0 0 0 0 0 0 0 0 0 0 0 0
-36.90857 0 0 0 0 0 0 0 0 0 0 0 0 0 0 0
-36.90857 0 0 0 0 0 0 0 0 0 0 0 0 0 0 0
-36.90857 0 0 0 0 0 0 0 0 0 0 0 0 0 0 0
-36.90857 0 0 0 0 0 0 0 0 0 0 0 0 0 0 0
-36.91406 0 0 0 0 0 0 0 0 0 0 0 0 0 0 0
-36.91406 0 0 0 0 0 0 0 0 0 0 0 0 0 0 0
-36.91406 0 0 0 0 0 0 0 0 0 0 0 0 0 0 0
-36.90857 0 0 0 0 0 0 0 0 0 0 0 0 0 0 0
-36.90857 0 0 0 0 0 0 0 0 0 0 0 0 0 0 0
-36.90308 0 0 0 0 0 0 0 0 0 0 0 0 0 0 0
-36.90308 0 0 0 0 0 0 0 0 0 0 0 0 0 0 0
-36.90308 0 0 0 0 0 0 0 0 0 0 0 0 0 0 0
-36.90308 0 0 0 0 0 0 0 0 0 0 0 0 0 0 0
-36.90857 0 0 0 0 0 0 0 0 0 0 0 0 0 0 0
-36.93054 0 0 0 0 0 0 0 0 0 0 0 0 0 0 0
-36.93054 0 0 0 0 0 0 0 0 0 0 0 0 0 0 0
-36.94702 0 0 0 0 0 0 0 0 0 0 0 0 0 0 0
-36.95801 0 0 0 0 0 0 0 0 0 0 0 0 0 0 0
-36.95801 0 0 0 0 0 0 0 0 0 0 0 0 0 0 0
-36.95801 0 0 0 0 0 0 0 0 0 0 0 0 0 0 0
-36.95801 0 0 0 0 0 0 0 0 0 0 0 0 0 0 0
-36.95801 0 0 0 0 0 0 0 0 0 0 0 0 0 0 0
-36.94153 0 0 0 0 0 0 0 0 0 0 0 0 0 0 0
-36.94153 0 0 0 0 0 0 0 0 0 0 0 0 0 0 0
-36.94153 0 0 0 0 0 0 0 0 0 0 0 0 0 0 0
-36.85913 0 0 0 0 0 0 0 0 0 0 0 0 0 0 0
-36.83167 0 0 0 0 0 0 0 0 0 0 0 0 0 0 0
-36.83167 0 0 0 0 0 0 0 0 0 0 0 0 0 0 0
-36.81519 0 0 0 0 0 0 0 0 0 0 0 0 0 0 0
-36.81519 0 0 0 0 0 0 0 0 0 0 0 0 0 0 0
-36.81519 0 0 0 0 0 0 0 0 0 0 0 0 0 0 0
-36.83716 0 0 0 0 0 0 0 0 0 0 0 0 0 0 0
-36.83716 0 0 0 0 0 0 0 0 0 0 0 0 0 0 0
-36.84814 0 0 0 0 0 0 0 0 0 0 0 0 0 0 0
-36.84814 0 0 0 0 0 0 0 0 0 0 0 0 0 0 0
-36.84814 0 0 0 0 0 0 0 0 0 0 0 0 0 0 0
-36.84814 0 0 0 0 0 0 0 0 0 0 0 0 0 0 0
-36.84814 0 0 0 0 0 0 0 0 0 0 0 0 0 0 0
-36.84814 0 0 0 0 0 0 0 0 0 0 0 0 0 0 0
-36.84814 0 0 0 0 0 0 0 0 0 0 0 0 0 0 0
-36.83716 0 0 0 0 0 0 0 0 0 0 0 0 0 0 0
-36.83716 0 0 0 0 0 0 0 0 0 0 0 0 0 0 0
-36.82068 0 0 0 0 0 0 0 0 0 0 0 0 0 0 0
-36.79321 0 0 0 0 0 0 0 0 0 0 0 0 0 0 0
-36.79321 0 0 0 0 0 0 0 0 0 0 0 0 0 0 0
-36.77124 0 0 0 0 0 0 0 0 0 0 0 0 0 0 0
-36.77124 0 0 0 0 0 0 0 0 0 0 0 0 0 0 0
-36.76575 0 0 0 0 0 0 0 0 0 0 0 0 0 0 0
-36.76575 0 0 0 0 0 0 0 0 0 0 0 0 0 0 0
-36.77673 0 0 0 0 0 0 0 0 0 0 0 0 0 0 0
-36.77673 0 0 0 0 0 0 0 0 0 0 0 0 0 0 0
-36.79871 0 0 0 0 0 0 0 0 0 0 0 0 0 0 0
-36.81519 0 0 0 0 0 0 0 0 0 0 0 0 0 0 0
-36.81519 0 0 0 0 0 0 0 0 0 0 0 0 0 0 0
-36.83167 0 0 0 0 0 0 0 0 0 0 0 0 0 0 0
-36.83716 0 0 0 0 0 0 0 0 0 0 0 0 0 0 0
-36.83716 0 0 0 0 0 0 0 0 0 0 0 0 0 0 0
-36.83716 0 0 0 0 0 0 0 0 0 0 0 0 0 0 0
-36.83716 0 0 0 0 0 0 0 0 0 0 0 0 0 0 0
-36.83167 0 0 0 0 0 0 0 0 0 0 0 0 0 0 0
-36.82617 0 0 0 0 0 0 0 0 0 0 0 0 0 0 0
-36.82617 0 0 0 0 0 0 0 0 0 0 0 0 0 0 0
-36.82068 0 0 0 0 0 0 0 0 0 0 0 0 0 0 0
-36.82068 0 0 0 0 0 0 0 0 0 0 0 0 0 0 0
-36.82068 0 0 0 0 0 0 0 0 0 0 0 0 0 0 0
-36.82068 0 0 0 0 0 0 0 0 0 0 0 0 0 0 0
-36.80969 0 0 0 0 0 0 0 0 0 0 0 0 0 0 0
-36.80969 0 0 0 0 0 0 0 0 0 0 0 0 0 0 0
-36.80969 0 0 0 0 0 0 0 0 0 0 0 0 0 0 0
-36.80969 0 0 0 0 0 0 0 0 0 0 0 0 0 0 0
-36.80969 0 0 0 0 0 0 0 0 0 0 0 0 0 0 0
-36.81519 0 0 0 0 0 0 0 0 0 0 0 0 0 0 0
-36.81519 0 0 0 0 0 0 0 0 0 0 0 0 0 0 0
-36.80969 0 0 0 0 0 0 0 0 0 0 0 0 0 0 0
-36.80969 0 0 0 0 0 0 0 0 0 0 0 0 0 0 0
-36.81519 0 0 0 0 0 0 0 0 0 0 0 0 0 0 0
-36.81519 0 0 0 0 0 0 0 0 0 0 0 0 0 0 0
-36.81519 0 0 0 0 0 0 0 0 0 0 0 0 0 0 0
-36.82068 0 0 0 0 0 0 0 0 0 0 0 0 0 0 0
-36.82068 0 0 0 0 0 0 0 0 0 0 0 0 0 0 0
-36.82068 0 0 0 0 0 0 0 0 0 0 0 0 0 0 0
-36.81519 0 0 0 0 0 0 0 0 0 0 0 0 0 0 0
-36.81519 0 0 0 0 0 0 0 0 0 0 0 0 0 0 0
-36.8042 0 0 0 0 0 0 0 0 0 0 0 0 0 0 0
-36.8042 0 0 0 0 0 0 0 0 0 0 0 0 0 0 0
-36.8042 0 0 0 0 0 0 0 0 0 0 0 0 0 0 0
-36.8042 0 0 0 0 0 0 0 0 0 0 0 0 0 0 0
-36.81519 0 0 0 0 0 0 0 0 0 0 0 0 0 0 0
-36.81519 0 0 0 0 0 0 0 0 0 0 0 0 0 0 0
-36.82617 0 0 0 0 0 0 0 0 0 0 0 0 0 0 0
-36.84265 0 0 0 0 0 0 0 0 0 0 0 0 0 0 0
-36.84265 0 0 0 0 0 0 0 0 0 0 0 0 0 0 0
-36.84814 0 0 0 0 0 0 0 0 0 0 0 0 0 0 0
-36.85364 0 0 0 0 0 0 0 0 0 0 0 0 0 0 0
-36.85364 0 0 0 0 0 0 0 0 0 0 0 0 0 0 0
-36.87012 0 0 0 0 0 0 0 0 0 0 0 0 0 0 0
-36.87012 0 0 0 0 0 0 0 0 0 0 0 0 0 0 0
-36.89209 0 0 0 0 0 0 0 0 0 0 0 0 0 0 0
-36.91406 0 0 0 0 0 0 0 0 0 0 0 0 0 0 0
-36.91406 0 0 0 0 0 0 0 0 0 0 0 0 0 0 0
-36.92505 0 0 0 0 0 0 0 0 0 0 0 0 0 0 0
-36.92505 0 0 0 0 0 0 0 0 0 0 0 0 0 0 0
-36.92505 0 0 0 0 0 0 0 0 0 0 0 0 0 0 0
-36.92505 0 0 0 0 0 0 0 0 0 0 0 0 0 0 0
-36.91406 0 0 0 0 0 0 0 0 0 0 0 0 0 0 0
-36.91406 0 0 0 0 0 0 0 0 0 0 0 0 0 0 0
-36.90857 0 0 0 0 0 0 0 0 0 0 0 0 0 0 0
-36.91406 0 0 0 0 0 0 0 0 0 0 0 0 0 0 0
-36.91406 0 0 0 0 0 0 0 0 0 0 0 0 0 0 0
-36.92505 0 0 0 0 0 0 0 0 0 0 0 0 0 0 0
-36.93604 0 0 0 0 0 0 0 0 0 0 0 0 0 0 0
-36.93604 0 0 0 0 0 0 0 0 0 0 0 0 0 0 0
-36.93604 0 0 0 0 0 0 0 0 0 0 0 0 0 0 0
-36.91956 0 0 0 0 0 0 0 0 0 0 0 0 0 0 0
-36.91956 0 0 0 0 0 0 0 0 0 0 0 0 0 0 0
-36.89209 0 0 0 0 0 0 0 0 0 0 0 0 0 0 0
-36.89209 0 0 0 0 0 0 0 0 0 0 0 0 0 0 0
-36.89209 0 0 0 0 0 0 0 0 0 0 0 0 0 0 0
-36.85913 0 0 0 0 0 0 0 0 0 0 0 0 0 0 0
-36.86462 0 0 0 0 0 0 0 0 0 0 0 0 0 0 0
-36.86462 0 0 0 0 0 0 0 0 0 0 0 0 0 0 0
-36.86462 0 0 0 0 0 0 0 0 0 0 0 0 0 0 0
-36.86462 0 0 0 0 0 0 0 0 0 0 0 0 0 0 0
-36.86462 0 0 0 0 0 0 0 0 0 0 0 0 0 0 0
-36.86462 0 0 0 0 0 0 0 0 0 0 0 0 0 0 0
-36.85913 0 0 0 0 0 0 0 0 0 0 0 0 0 0 0
-36.85913 0 0 0 0 0 0 0 0 0 0 0 0 0 0 0
-36.85913 0 0 0 0 0 0 0 0 0 0 0 0 0 0 0
-36.85913 0 0 0 0 0 0 0 0 0 0 0 0 0 0 0
-36.85913 0 0 0 0 0 0 0 0 0 0 0 0 0 0 0
-36.85913 0 0 0 0 0 0 0 0 0 0 0 0 0 0 0
-36.85364 0 0 0 0 0 0 0 0 0 0 0 0 0 0 0
-36.85364 0 0 0 0 0 0 0 0 0 0 0 0 0 0 0
-36.84265 0 0 0 0 0 0 0 0 0 0 0 0 0 0 0
-36.84265 0 0 0 0 0 0 0 0 0 0 0 0 0 0 0
-36.83716 0 0 0 0 0 0 0 0 0 0 0 0 0 0 0
-36.83716 0 0 0 0 0 0 0 0 0 0 0 0 0 0 0
-36.83716 0 0 0 0 0 0 0 0 0 0 0 0 0 0 0
-36.83716 0 0 0 0 0 0 0 0 0 0 0 0 0 0 0
-36.83716 0 0 0 0 0 0 0 0 0 0 0 0 0 0 0
-36.83716 0 0 0 0 0 0 0 0 0 0 0 0 0 0 0
-36.83716 0 0 0 0 0 0 0 0 0 0 0 0 0 0 0
-36.82617 0 0 0 0 0 0 0 0 0 0 0 0 0 0 0
-36.82617 0 0 0 0 0 0 0 0 0 0 0 0 0 0 0
-36.82617 0 0 0 0 0 0 0 0 0 0 0 0 0 0 0
-36.83716 0 0 0 0 0 0 0 0 0 0 0 0 0 0 0
-36.83716 0 0 0 0 0 0 0 0 0 0 0 0 0 0 0
-36.85364 0 0 0 0 0 0 0 0 0 0 0 0 0 0 0
-36.87561 0 0 0 0 0 0 0 0 0 0 0 0 0 0 0
-36.8866 0 0 0 0 0 0 0 0 0 0 0 0 0 0 0
-36.8866 0 0 0 0 0 0 0 0 0 0 0 0 0 0 0
-36.91406 0 0 0 0 0 0 0 0 0 0 0 0 0 0 0
-36.91406 0 0 0 0 0 0 0 0 0 0 0 0 0 0 0
-36.93604 0 0 0 0 0 0 0 0 0 0 0 0 0 0 0
-36.93604 0 0 0 0 0 0 0 0 0 0 0 0 0 0 0
-36.93604 0 0 0 0 0 0 0 0 0 0 0 0 0 0 0
-36.89758 0 0 0 0 0 0 0 0 0 0 0 0 0 0 0
-36.86462 0 0 0 0 0 0 0 0 0 0 0 0 0 0 0
-36.84265 0 0 0 0 0 0 0 0 0 0 0 0 0 0 0
-36.84265 0 0 0 0 0 0 0 0 0 0 0 0 0 0 0
-36.82068 0 0 0 0 0 0 0 0 0 0 0 0 0 0 0
-36.82617 0 0 0 0 0 0 0 0 0 0 0 0 0 0 0
-36.82617 0 0 0 0 0 0 0 0 0 0 0 0 0 0 0
-36.85913 0 0 0 0 0 0 0 0 0 0 0 0 0 0 0
-36.85913 0 0 0 0 0 0 0 0 0 0 0 0 0 0 0
-36.89209 0 0 0 0 0 0 0 0 0 0 0 0 0 0 0
-36.89209 0 0 0 0 0 0 0 0 0 0 0 0 0 0 0
-36.89209 0 0 0 0 0 0 0 0 0 0 0 0 0 0 0
-36.85364 0 0 0 0 0 0 0 0 0 0 0 0 0 0 0
-36.82068 0 0 0 0 0 0 0 0 0 0 0 0 0 0 0
-36.82068 0 0 0 0 0 0 0 0 0 0 0 0 0 0 0
-36.82068 0 0 0 0 0 0 0 0 0 0 0 0 0 0 0
-36.82068 0 0 0 0 0 0 0 0 0 0 0 0 0 0 0
-36.82068 0 0 0 0 0 0 0 0 0 0 0 0 0 0 0
-36.85364 0 0 0 0 0 0 0 0 0 0 0 0 0 0 0
-36.85364 0 0 0 0 0 0 0 0 0 0 0 0 0 0 0
-36.85364 0 0 0 0 0 0 0 0 0 0 0 0 0 0 0
-36.85364 0 0 0 0 0 0 0 0 0 0 0 0 0 0 0
-36.84814 0 0 0 0 0 0 0 0 0 0 0 0 0 0 0
-36.84814 0 0 0 0 0 0 0 0 0 0 0 0 0 0 0
-36.82617 0 0 0 0 0 0 0 0 0 0 0 0 0 0 0
-36.82617 0 0 0 0 0 0 0 0 0 0 0 0 0 0 0
-36.79871 0 0 0 0 0 0 0 0 0 0 0 0 0 0 0
-36.78772 0 0 0 0 0 0 0 0 0 0 0 0 0 0 0
-36.78772 0 0 0 0 0 0 0 0 0 0 0 0 0 0 0
-36.82617 0 0 0 0 0 0 0 0 0 0 0 0 0 0 0
-36.87012 0 0 0 0 0 0 0 0 0 0 0 0 0 0 0
-36.87561 0 0 0 0 0 0 0 0 0 0 0 0 0 0 0
-36.87561 0 0 0 0 0 0 0 0 0 0 0 0 0 0 0
-36.87561 0 0 0 0 0 0 0 0 0 0 0 0 0 0 0
-36.87561 0 0 0 0 0 0 0 0 0 0 0 0 0 0 0
-36.85364 0 0 0 0 0 0 0 0 0 0 0 0 0 0 0
-36.85364 0 0 0 0 0 0 0 0 0 0 0 0 0 0 0
-36.85364 0 0 0 0 0 0 0 0 0 0 0 0 0 0 0
-36.74377 0 0 0 0 0 0 0 0 0 0 0 0 0 0 0
-36.69434 0 0 0 0 0 0 0 0 0 0 0 0 0 0 0
-36.69434 0 0 0 0 0 0 0 0 0 0 0 0 0 0 0
-36.68335 0 0 0 0 0 0 0 0 0 0 0 0 0 0 0
-36.68335 0 0 0 0 0 0 0 0 0 0 0 0 0 0 0
-36.69434 0 0 0 0 0 0 0 0 0 0 0 0 0 0 0
-36.71082 0 0 0 0 0 0 0 0 0 0 0 0 0 0 0
-36.71082 0 0 0 0 0 0 0 0 0 0 0 0 0 0 0
-36.74377 0 0 0 0 0 0 0 0 0 0 0 0 0 0 0
-36.78772 0 0 0 0 0 0 0 0 0 0 0 0 0 0 0
-36.81519 0 0 0 0 0 0 0 0 0 0 0 0 0 0 0
-36.81519 0 0 0 0 0 0 0 0 0 0 0 0 0 0 0
-36.87561 0 0 0 0 0 0 0 0 0 0 0 0 0 0 0
-36.87561 0 0 0 0 0 0 0 0 0 0 0 0 0 0 0
-36.93054 0 0 0 0 0 0 0 0 0 0 0 0 0 0 0
-36.95801 0 0 0 0 0 0 0 0 0 0 0 0 0 0 0
-36.95801 0 0 0 0 0 0 0 0 0 0 0 0 0 0 0
-36.9635 0 0 0 0 0 0 0 0 0 0 0 0 0 0 0
-36.95251 0 0 0 0 0 0 0 0 0 0 0 0 0 0 0
-36.95251 0 0 0 0 0 0 0 0 0 0 0 0 0 0 0
-36.94153 0 0 0 0 0 0 0 0 0 0 0 0 0 0 0
-36.94153 0 0 0 0 0 0 0 0 0 0 0 0 0 0 0
-36.93604 0 0 0 0 0 0 0 0 0 0 0 0 0 0 0
-36.93604 0 0 0 0 0 0 0 0 0 0 0 0 0 0 0
-36.95801 0 0 0 0 0 0 0 0 0 0 0 0 0 0 0
-36.95801 0 0 0 0 0 0 0 0 0 0 0 0 0 0 0
-36.97449 0 0 0 0 0 0 0 0 0 0 0 0 0 0 0
-36.98547 0 0 0 0 0 0 0 0 0 0 0 0 0 0 0
-36.98547 0 0 0 0 0 0 0 0 0 0 0 0 0 0 0
-36.99646 0 0 0 0 0 0 0 0 0 0 0 0 0 0 0
-37.01294 0 0 0 0 0 0 0 0 0 0 0 0 0 0 0
-37.01294 0 0 0 0 0 0 0 0 0 0 0 0 0 0 0
-37.02942 0 0 0 0 0 0 0 0 0 0 0 0 0 0 0
-37.02942 0 0 0 0 0 0 0 0 0 0 0 0 0 0 0
-37.04041 0 0 0 0 0 0 0 0 0 0 0 0 0 0 0
-37.0459 0 0 0 0 0 0 0 0 0 0 0 0 0 0 0
-37.0459 0 0 0 0 0 0 0 0 0 0 0 0 0 0 0
-37.06238 0 0 0 0 0 0 0 0 0 0 0 0 0 0 0
-37.06238 0 0 0 0 0 0 0 0 0 0 0 0 0 0 0
-37.08984 0 0 0 0 0 0 0 0 0 0 0 0 0 0 0
-37.08984 0 0 0 0 0 0 0 0 0 0 0 0 0 0 0
-37.10083 0 0 0 0 0 0 0 0 0 0 0 0 0 0 0
-37.10083 0 0 0 0 0 0 0 0 0 0 0 0 0 0 0
-37.07336 0 0 0 0 0 0 0 0 0 0 0 0 0 0 0
-37.03491 0 0 0 0 0 0 0 0 0 0 0 0 0 0 0
-37.03491 0 0 0 0 0 0 0 0 0 0 0 0 0 0 0
-37.00745 0 0 0 0 0 0 0 0 0 0 0 0 0 0 0
-36.99646 0 0 0 0 0 0 0 0 0 0 0 0 0 0 0
-36.99097 0 0 0 0 0 0 0 0 0 0 0 0 0 0 0
-36.99097 0 0 0 0 0 0 0 0 0 0 0 0 0 0 0
-36.97998 0 0 0 0 0 0 0 0 0 0 0 0 0 0 0
-36.97998 0 0 0 0 0 0 0 0 0 0 0 0 0 0 0
-36.97449 0 0 0 0 0 0 0 0 0 0 0 0 0 0 0
-36.96899 0 0 0 0 0 0 0 0 0 0 0 0 0 0 0
-36.96899 0 0 0 0 0 0 0 0 0 0 0 0 0 0 0
-36.9635 0 0 0 0 0 0 0 0 0 0 0 0 0 0 0
-36.95801 0 0 0 0 0 0 0 0 0 0 0 0 0 0 0
-36.95801 0 0 0 0 0 0 0 0 0 0 0 0 0 0 0
-36.94153 0 0 0 0 0 0 0 0 0 0 0 0 0 0 0
-36.94153 0 0 0 0 0 0 0 0 0 0 0 0 0 0 0
-36.93604 0 0 0 0 0 0 0 0 0 0 0 0 0 0 0
-36.93604 0 0 0 0 0 0 0 0 0 0 0 0 0 0 0
-36.95251 0 0 0 0 0 0 0 0 0 0 0 0 0 0 0
-36.95251 0 0 0 0 0 0 0 0 0 0 0 0 0 0 0
-36.9635 0 0 0 0 0 0 0 0 0 0 0 0 0 0 0
-36.97449 0 0 0 0 0 0 0 0 0 0 0 0 0 0 0
-36.97449 0 0 0 0 0 0 0 0 0 0 0 0 0 0 0
-36.97998 0 0 0 0 0 0 0 0 0 0 0 0 0 0 0
-37.00745 0 0 0 0 0 0 0 0 0 0 0 0 0 0 0
-37.00745 0 0 0 0 0 0 0 0 0 0 0 0 0 0 0
-37.04041 0 0 0 0 0 0 0 0 0 0 0 0 0 0 0
-37.04041 0 0 0 0 0 0 0 0 0 0 0 0 0 0 0
-37.07886 0 0 0 0 0 0 0 0 0 0 0 0 0 0 0
-37.10632 0 0 0 0 0 0 0 0 0 0 0 0 0 0 0
-37.10632 0 0 0 0 0 0 0 0 0 0 0 0 0 0 0
-37.1228 0 0 0 0 0 0 0 0 0 0 0 0 0 0 0
-37.1228 0 0 0 0 0 0 0 0 0 0 0 0 0 0 0
-37.1283 0 0 0 0 0 0 0 0 0 0 0 0 0 0 0
-37.1283 0 0 0 0 0 0 0 0 0 0 0 0 0 0 0
-37.11182 0 0 0 0 0 0 0 0 0 0 0 0 0 0 0
-37.11182 0 0 0 0 0 0 0 0 0 0 0 0 0 0 0
-37.09534 0 0 0 0 0 0 0 0 0 0 0 0 0 0 0
-37.09534 0 0 0 0 0 0 0 0 0 0 0 0 0 0 0
-37.09534 0 0 0 0 0 0 0 0 0 0 0 0 0 0 0
-37.10083 0 0 0 0 0 0 0 0 0 0 0 0 0 0 0
-37.10083 0 0 0 0 0 0 0 0 0 0 0 0 0 0 0
-37.09534 0 0 0 0 0 0 0 0 0 0 0 0 0 0 0
-37.09534 0 0 0 0 0 0 0 0 0 0 0 0 0 0 0
-37.09534 0 0 0 0 0 0 0 0 0 0 0 0 0 0 0
-37.09534 0 0 0 0 0 0 0 0 0 0 0 0 0 0 0
-37.11182 0 0 0 0 0 0 0 0 0 0 0 0 0 0 0
-37.13928 0 0 0 0 0 0 0 0 0 0 0 0 0 0 0
-37.13928 0 0 0 0 0 0 0 0 0 0 0 0 0 0 0
-37.16675 0 0 0 0 0 0 0 0 0 0 0 0 0 0 0
-37.19971 0 0 0 0 0 0 0 0 0 0 0 0 0 0 0
-37.19971 0 0 0 0 0 0 0 0 0 0 0 0 0 0 0
-37.22717 0 0 0 0 0 0 0 0 0 0 0 0 0 0 0
-37.22717 0 0 0 0 0 0 0 0 0 0 0 0 0 0 0
-37.24915 0 0 0 0 0 0 0 0 0 0 0 0 0 0 0
-37.24915 0 0 0 0 0 0 0 0 0 0 0 0 0 0 0
-37.24365 0 0 0 0 0 0 0 0 0 0 0 0 0 0 0
-37.24365 0 0 0 0 0 0 0 0 0 0 0 0 0 0 0
-37.22717 0 0 0 0 0 0 0 0 0 0 0 0 0 0 0
-37.21619 0 0 0 0 0 0 0 0 0 0 0 0 0 0 0
-37.21619 0 0 0 0 0 0 0 0 0 0 0 0 0 0 0
-37.21069 0 0 0 0 0 0 0 0 0 0 0 0 0 0 0
-37.2052 0 0 0 0 0 0 0 0 0 0 0 0 0 0 0
-37.2052 0 0 0 0 0 0 0 0 0 0 0 0 0 0 0
-37.19971 0 0 0 0 0 0 0 0 0 0 0 0 0 0 0
-37.19971 0 0 0 0 0 0 0 0 0 0 0 0 0 0 0
-37.19971 0 0 0 0 0 0 0 0 0 0 0 0 0 0 0
-37.2052 0 0 0 0 0 0 0 0 0 0 0 0 0 0 0
-37.2052 0 0 0 0 0 0 0 0 0 0 0 0 0 0 0
-37.21619 0 0 0 0 0 0 0 0 0 0 0 0 0 0 0
-37.21619 0 0 0 0 0 0 0 0 0 0 0 0 0 0 0
-37.22168 0 0 0 0 0 0 0 0 0 0 0 0 0 0 0
-37.22168 0 0 0 0 0 0 0 0 0 0 0 0 0 0 0
-37.22168 0 0 0 0 0 0 0 0 0 0 0 0 0 0 0
-37.22168 0 0 0 0 0 0 0 0 0 0 0 0 0 0 0
-37.21619 0 0 0 0 0 0 0 0 0 0 0 0 0 0 0
-37.21619 0 0 0 0 0 0 0 0 0 0 0 0 0 0 0
-37.21619 0 0 0 0 0 0 0 0 0 0 0 0 0 0 0
-37.21619 0 0 0 0 0 0 0 0 0 0 0 0 0 0 0
-37.21069 0 0 0 0 0 0 0 0 0 0 0 0 0 0 0
-37.21069 0 0 0 0 0 0 0 0 0 0 0 0 0 0 0
-37.21069 0 0 0 0 0 0 0 0 0 0 0 0 0 0 0
-37.2052 0 0 0 0 0 0 0 0 0 0 0 0 0 0 0
-37.19971 0 0 0 0 0 0 0 0 0 0 0 0 0 0 0
-37.19971 0 0 0 0 0 0 0 0 0 0 0 0 0 0 0
-37.19971 0 0 0 0 0 0 0 0 0 0 0 0 0 0 0
-37.19971 0 0 0 0 0 0 0 0 0 0 0 0 0 0 0
-37.19971 0 0 0 0 0 0 0 0 0 0 0 0 0 0 0
-37.19421 0 0 0 0 0 0 0 0 0 0 0 0 0 0 0
-37.19421 0 0 0 0 0 0 0 0 0 0 0 0 0 0 0
-37.19421 0 0 0 0 0 0 0 0 0 0 0 0 0 0 0
-37.19421 0 0 0 0 0 0 0 0 0 0 0 0 0 0 0
-37.19421 0 0 0 0 0 0 0 0 0 0 0 0 0 0 0
-37.19421 0 0 0 0 0 0 0 0 0 0 0 0 0 0 0
-37.17773 0 0 0 0 0 0 0 0 0 0 0 0 0 0 0
-37.17773 0 0 0 0 0 0 0 0 0 0 0 0 0 0 0
-37.16675 0 0 0 0 0 0 0 0 0 0 0 0 0 0 0
-37.16125 0 0 0 0 0 0 0 0 0 0 0 0 0 0 0
-37.16125 0 0 0 0 0 0 0 0 0 0 0 0 0 0 0
-37.16675 0 0 0 0 0 0 0 0 0 0 0 0 0 0 0
-37.18323 0 0 0 0 0 0 0 0 0 0 0 0 0 0 0
-37.18323 0 0 0 0 0 0 0 0 0 0 0 0 0 0 0
-37.18872 0 0 0 0 0 0 0 0 0 0 0 0 0 0 0
-37.18872 0 0 0 0 0 0 0 0 0 0 0 0 0 0 0
-37.18872 0 0 0 0 0 0 0 0 0 0 0 0 0 0 0
-37.18872 0 0 0 0 0 0 0 0 0 0 0 0 0 0 0
-37.18872 0 0 0 0 0 0 0 0 0 0 0 0 0 0 0
-37.19421 0 0 0 0 0 0 0 0 0 0 0 0 0 0 0
-37.19421 0 0 0 0 0 0 0 0 0 0 0 0 0 0 0
-37.19971 0 0 0 0 0 0 0 0 0 0 0 0 0 0 0
-37.19971 0 0 0 0 0 0 0 0 0 0 0 0 0 0 0
-37.22717 0 0 0 0 0 0 0 0 0 0 0 0 0 0 0
-37.22717 0 0 0 0 0 0 0 0 0 0 0 0 0 0 0
-37.24915 0 0 0 0 0 0 0 0 0 0 0 0 0 0 0
-37.26563 0 0 0 0 0 0 0 0 0 0 0 0 0 0 0
-37.26563 0 0 0 0 0 0 0 0 0 0 0 0 0 0 0
-37.26563 0 0 0 0 0 0 0 0 0 0 0 0 0 0 0
-37.27112 0 0 0 0 0 0 0 0 0 0 0 0 0 0 0
-37.27112 0 0 0 0 0 0 0 0 0 0 0 0 0 0 0
-37.27112 0 0 0 0 0 0 0 0 0 0 0 0 0 0 0
-37.26563 0 0 0 0 0 0 0 0 0 0 0 0 0 0 0
-37.26563 0 0 0 0 0 0 0 0 0 0 0 0 0 0 0
-37.24915 0 0 0 0 0 0 0 0 0 0 0 0 0 0 0
-37.22717 0 0 0 0 0 0 0 0 0 0 0 0 0 0 0
-37.22717 0 0 0 0 0 0 0 0 0 0 0 0 0 0 0
-37.2052 0 0 0 0 0 0 0 0 0 0 0 0 0 0 0
-37.19421 0 0 0 0 0 0 0 0 0 0 0 0 0 0 0
-37.19421 0 0 0 0 0 0 0 0 0 0 0 0 0 0 0
-37.19421 0 0 0 0 0 0 0 0 0 0 0 0 0 0 0
-37.19421 0 0 0 0 0 0 0 0 0 0 0 0 0 0 0
-37.19421 0 0 0 0 0 0 0 0 0 0 0 0 0 0 0
-37.19421 0 0 0 0 0 0 0 0 0 0 0 0 0 0 0
-37.17773 0 0 0 0 0 0 0 0 0 0 0 0 0 0 0
-37.17773 0 0 0 0 0 0 0 0 0 0 0 0 0 0 0
-37.17224 0 0 0 0 0 0 0 0 0 0 0 0 0 0 0
-37.17224 0 0 0 0 0 0 0 0 0 0 0 0 0 0 0
-37.17224 0 0 0 0 0 0 0 0 0 0 0 0 0 0 0
-37.17773 0 0 0 0 0 0 0 0 0 0 0 0 0 0 0
-37.18323 0 0 0 0 0 0 0 0 0 0 0 0 0 0 0
-37.18323 0 0 0 0 0 0 0 0 0 0 0 0 0 0 0
-37.18872 0 0 0 0 0 0 0 0 0 0 0 0 0 0 0
-37.18872 0 0 0 0 0 0 0 0 0 0 0 0 0 0 0
-37.18323 0 0 0 0 0 0 0 0 0 0 0 0 0 0 0
-37.17773 0 0 0 0 0 0 0 0 0 0 0 0 0 0 0
-37.17773 0 0 0 0 0 0 0 0 0 0 0 0 0 0 0
-37.17773 0 0 0 0 0 0 0 0 0 0 0 0 0 0 0
-37.17773 0 0 0 0 0 0 0 0 0 0 0 0 0 0 0
-37.18872 0 0 0 0 0 0 0 0 0 0 0 0 0 0 0
-37.18872 0 0 0 0 0 0 0 0 0 0 0 0 0 0 0
-37.19971 0 0 0 0 0 0 0 0 0 0 0 0 0 0 0
-37.19971 0 0 0 0 0 0 0 0 0 0 0 0 0 0 0
-37.19421 0 0 0 0 0 0 0 0 0 0 0 0 0 0 0
-37.18872 0 0 0 0 0 0 0 0 0 0 0 0 0 0 0
-37.18872 0 0 0 0 0 0 0 0 0 0 0 0 0 0 0
-37.19421 0 0 0 0 0 0 0 0 0 0 0 0 0 0 0
-37.2052 0 0 0 0 0 0 0 0 0 0 0 0 0 0 0
-37.21069 0 0 0 0 0 0 0 0 0 0 0 0 0 0 0
-37.21069 0 0 0 0 0 0 0 0 0 0 0 0 0 0 0
-37.2052 0 0 0 0 0 0 0 0 0 0 0 0 0 0 0
-37.2052 0 0 0 0 0 0 0 0 0 0 0 0 0 0 0
-37.19421 0 0 0 0 0 0 0 0 0 0 0 0 0 0 0
-37.18323 0 0 0 0 0 0 0 0 0 0 0 0 0 0 0
-37.18323 0 0 0 0 0 0 0 0 0 0 0 0 0 0 0
-37.17773 0 0 0 0 0 0 0 0 0 0 0 0 0 0 0
-37.17224 0 0 0 0 0 0 0 0 0 0 0 0 0 0 0
-37.17224 0 0 0 0 0 0 0 0 0 0 0 0 0 0 0
-37.17224 0 0 0 0 0 0 0 0 0 0 0 0 0 0 0
-37.17224 0 0 0 0 0 0 0 0 0 0 0 0 0 0 0
-37.17773 0 0 0 0 0 0 0 0 0 0 0 0 0 0 0
-37.17773 0 0 0 0 0 0 0 0 0 0 0 0 0 0 0
-37.18323 0 0 0 0 0 0 0 0 0 0 0 0 0 0 0
-37.18323 0 0 0 0 0 0 0 0 0 0 0 0 0 0 0
-37.18872 0 0 0 0 0 0 0 0 0 0 0 0 0 0 0
-37.18323 0 0 0 0 0 0 0 0 0 0 0 0 0 0 0
-37.18323 0 0 0 0 0 0 0 0 0 0 0 0 0 0 0
-37.17773 0 0 0 0 0 0 0 0 0 0 0 0 0 0 0
-37.17224 0 0 0 0 0 0 0 0 0 0 0 0 0 0 0
-37.17224 0 0 0 0 0 0 0 0 0 0 0 0 0 0 0
-37.18323 0 0 0 0 0 0 0 0 0 0 0 0 0 0 0
-37.18323 0 0 0 0 0 0 0 0 0 0 0 0 0 0 0
-37.19971 0 0 0 0 0 0 0 0 0 0 0 0 0 0 0
-37.21619 0 0 0 0 0 0 0 0 0 0 0 0 0 0 0
-37.21619 0 0 0 0 0 0 0 0 0 0 0 0 0 0 0
-37.22717 0 0 0 0 0 0 0 0 0 0 0 0 0 0 0
-37.22717 0 0 0 0 0 0 0 0 0 0 0 0 0 0 0
-37.23267 0 0 0 0 0 0 0 0 0 0 0 0 0 0 0
-37.23267 0 0 0 0 0 0 0 0 0 0 0 0 0 0 0
-37.24365 0 0 0 0 0 0 0 0 0 0 0 0 0 0 0
-37.24365 0 0 0 0 0 0 0 0 0 0 0 0 0 0 0
-37.24915 0 0 0 0 0 0 0 0 0 0 0 0 0 0 0
-37.26013 0 0 0 0 0 0 0 0 0 0 0 0 0 0 0
-37.26013 0 0 0 0 0 0 0 0 0 0 0 0 0 0 0
-37.26563 0 0 0 0 0 0 0 0 0 0 0 0 0 0 0
-37.26563 0 0 0 0 0 0 0 0 0 0 0 0 0 0 0
-37.26563 0 0 0 0 0 0 0 0 0 0 0 0 0 0 0
-37.26563 0 0 0 0 0 0 0 0 0 0 0 0 0 0 0
-37.26563 0 0 0 0 0 0 0 0 0 0 0 0 0 0 0
-37.26563 0 0 0 0 0 0 0 0 0 0 0 0 0 0 0
-37.26563 0 0 0 0 0 0 0 0 0 0 0 0 0 0 0
-37.26563 0 0 0 0 0 0 0 0 0 0 0 0 0 0 0
-37.26563 0 0 0 0 0 0 0 0 0 0 0 0 0 0 0
-37.26563 0 0 0 0 0 0 0 0 0 0 0 0 0 0 0
-37.26013 0 0 0 0 0 0 0 0 0 0 0 0 0 0 0
-37.26013 0 0 0 0 0 0 0 0 0 0 0 0 0 0 0
-37.26013 0 0 0 0 0 0 0 0 0 0 0 0 0 0 0
